0
0
0
0
0
0
0
20.16
52.56
85.87
141.25
131.54
129.14
88.22
36.14
2.5
0
0
0
0
0
0
0
0
0
0
0
0
0
0
0
13.87
54.03
100.48
164.52
154.06
138.12
121.37
25.34
1.43
0
0
0
0
0
0
0
0
0
0
0
0
0
0
0
9.39
73.61
104.74
130.61
159.84
251.44
197.05
48.87
5.14
0
0
0
0
0
0
0
0
0
0
0
0
0
0
0
12.13
35.81
31.35
45.1
43.68
37.66
32.1
8.24
-0.11
0
0
0
0
0
0
0
0
0
0
0
0
0
0
0
9.03
30.72
62.86
102.34
167.84
121.76
107.35
20.87
3.9
0
0
0
0
0
0
0
0
0
0
0
0
0
0
0
9
51.77
121.97
64.42
40.34
32.1
14.69
10.78
1.89
0
0
0
0
0
0
0
0
0
0
0
0
0
0
0
4.82
15.45
30.24
51.24
47.48
48.85
97.59
47.48
5.06
0
0
0
0
0
0
0
0
0
0
0
0
0
0
0
7.66
37.06
64.6
99.59
57.69
41.81
37.25
31.19
3.6
0
0
0
0
0
0
0
0
0
0
0
0
0
0
0
5.9
35.59
47.24
63.85
80.46
47.7
43.88
37.18
4.72
0
0
0
0
0
0
0
0
0
0
0
0
0
0
-0.02
5.93
33.32
78.46
99.84
84.32
51.23
53.3
31.45
3.06
0
0
0
0
0
0
0
0
0
0
0
0
0
0
-0.01
5.4
22.6
39.69
40.16
24.61
26.17
26.08
12.83
2.24
0
0
0
0
0
0
0
0
0
0
0
0
0
0
0.2
7.82
24.58
47.83
65.39
71.72
36.21
68.08
36.47
1.42
0
0
0
0
0
0
0
0
0
0
0
0
0
0
-0.05
2.4
27.95
27.28
74.47
113.94
128.83
90.56
42.78
6.32
0
0
0
0
0
0
0
0
0
0
0
0
0
0
0.58
22.8
66.02
116.19
93.73
88.99
72.16
66.55
21.68
3.34
0
0
0
0
0
0
0
0
0
0
0
0
0
0
-0.13
4.99
21.04
49.73
58.23
72.41
68.79
36.82
29.03
10.62
0
0
0
0
0
0
0
0
0
0
0
0
0
0
0.04
11.13
51.47
67.86
286.89
266.26
179.35
74.4
28.52
4.42
0
0
0
0
0
0
0
0
0
0
0
0
0
0
0.07
15.89
65.28
92.37
250.36
211.5
69.65
192.44
88.84
9.99
0
0
0
0
0
0
0
0
0
0
0
0
0
0
0.06
4.68
21.27
39.47
49.23
54.78
29.13
41.5
31.52
7.87
0
0
0
0
0
0
0
0
0
0
0
0
0
0
0.18
7.53
36.82
36.03
46.97
56
52.1
52.37
48.87
9.22
0
0
0
0
0
0
0
0
0
0
0
0
0
0
0.16
15.15
47.87
106.98
140.82
128.12
143.02
91.46
54.78
17.89
0
0
0
0
0
0
0
0
0
0
0
0
0
0
0.17
11.52
34.36
47.34
74.69
82.44
72.02
55.22
25.26
4.25
0
0
0
0
0
0
0
0
0
0
0
0
0
0
0.27
9.61
41.14
71.05
82.05
74.56
76.87
87.84
49.35
8.8
0
0
0
0
0
0
0
0
0
0
0
0
0
0
0.45
10.63
44.07
118.89
267.24
253.56
168.35
240.96
106.25
11.68
0
0
0
0
0
0
0
0
0
0
0
0
0
0
0.28
8.85
33.33
58.35
67.49
84.62
67.91
52.94
26.11
5.95
0
0
0
0
0
0
0
0
0
0
0
0
0
0
0.21
5.92
19.52
31.81
43.56
54.01
56.43
44.26
24.72
6.41
0
0
0
0
0
0
0
0
0
0
0
0
0
0
0.31
4.71
20.03
48.97
31.07
41.57
36.49
21.83
16.48
3.43
0
0
0
0
0
0
0
0
0
0
0
0
0
0
0.91
25.92
76.53
95.5
140.54
176.46
170.24
82.89
26.65
11.27
0
0
0
0
0
0
0
0
0
0
0
0
0
0
0.28
10.18
39.88
59.86
87.04
128.63
78.2
67.06
34.39
11.91
0
0
0
0
0
0
0
0
0
0
0
0
0
0
0.98
18.2
61.48
82.45
108.69
140.13
193.96
191.08
112.79
30.99
0.94
0
0
0
0
0
0
0
0
0
0
0
0
0
0.66
6.31
9.87
18.94
44.96
120.67
170.66
38.13
32.31
8.5
0.45
0
0
0
0
0
0
0
0
0
0
0
0
0
1.25
43.73
97.44
91.98
105.63
118.88
58.55
38.92
10.57
7.36
0.14
0
0
0
0
0
0
0
0
0
0
0
0
0
0.69
17.18
51.99
46.73
91.39
89.83
75.14
39.06
36.9
5.05
0.07
0
0
0
0
0
0
0
0
0
0
0
0
0
0.54
9.54
19.7
24.93
39.41
51.44
45.64
38.01
31.74
16.17
0.49
0
0
0
0
0
0
0
0
0
0
0
0
0
0.26
5.77
10.39
37.09
39.72
22.42
64.53
68.62
37.06
12.82
0.03
0
0
0
0
0
0
0
0
0
0
0
0
0
2.03
21.58
86.28
154.73
172.8
346.03
196.88
129.83
161.44
40.71
1.54
0
0
0
0
0
0
0
0
0
0
0
0
0
4.3
38.14
105.65
179.09
151.9
112.15
92.59
82.38
47.62
26.69
1.79
0
0
0
0
0
0
0
0
0
0
0
0
0
1.83
23.27
60.48
83.86
97.48
124.12
93.93
69.29
61.1
9.73
0.83
0
0
0
0
0
0
0
0
0
0
0
0
0
3.18
24.55
89.25
239.04
409.56
433.4
404.22
324.88
208.14
67.74
1.84
0
0
0
0
0
0
0
0
0
0
0
0
0
3.53
24.94
89.64
250.88
418.33
438.81
412.31
335.53
215.28
75.98
2.6
0
0
0
0
0
0
0
0
0
0
0
0
0
3.96
26.09
93.59
258.91
423.14
443.36
413.07
335.99
213.63
73.32
2.88
0
0
0
0
0
0
0
0
0
0
0
0
0
6.85
32.8
62.97
100.04
118.31
147.56
126.01
106.02
105.9
30.87
2.95
0
0
0
0
0
0
0
0
0
0
0
0
0
2.65
22.93
45.04
82.97
87.33
65.31
63.72
52.86
34.19
17.65
1.7
0
0
0
0
0
0
0
0
0
0
0
0
0
1.65
14.56
40.9
75.66
138.67
99.53
109.83
117.4
94.17
42.1
3.01
0
0
0
0
0
0
0
0
0
0
0
0
0
4.33
41.3
102.42
193.61
202.16
223.8
375.02
351.22
232.19
93.18
4.81
0
0
0
0
0
0
0
0
0
0
0
0
0
3.86
31.24
69.29
99.73
126.54
126.99
121.91
98.11
69.88
30.84
2.91
0
0
0
0
0
0
0
0
0
0
0
0
0
4.64
38.4
102.68
137.11
192.51
208.94
252.83
355.24
238.57
92.18
5.6
0
0
0
0
0
0
0
0
0
0
0
0
0
6.09
50.06
155.07
215.2
411.54
443.44
393.36
341.32
213.39
52.41
8.03
0
0
0
0
0
0
0
0
0
0
0
0
0
2.1
17.14
27.39
45.39
34.47
25.96
21.69
25.43
30.28
17.17
1.49
0
0
0
0
0
0
0
0
0
0
0
0
0
7.39
34.39
85.26
117.44
84.11
55.54
40.6
48.8
26.5
15.6
2.29
0
0
0
0
0
0
0
0
0
0
0
0
0
3.34
19.96
40.76
111.28
195.45
191.45
48.82
71.52
40.08
17.45
2.13
0
0
0
0
0
0
0
0
0
0
0
0
0
8.5
62.01
153.57
292.31
379.16
312.35
335.76
390.91
272.96
113.03
10.06
0
0
0
0
0
0
0
0
0
0
0
0
0
13.66
71.66
123.46
198.39
163.15
365.21
202.99
141.95
117.03
55.55
7.12
0
0
0
0
0
0
0
0
0
0
0
0
0
22.46
86.46
162.92
260.91
385.82
399.49
398.34
290.34
235.01
100.55
12.07
0
0
0
0
0
0
0
0
0
0
0
0
0
14.54
82.8
121.13
262.79
316.58
98.89
68.14
58.03
73.61
24.98
2.28
0
0
0
0
0
0
0
0
0
0
0
0
0.1
13.37
44.04
80.49
123.87
140.83
176.03
104.4
117.95
127.24
34.46
7.42
0
0
0
0
0
0
0
0
0
0
0
0
0.1
12.55
59.66
123.77
111.01
151.7
254.45
77.65
162.02
233.27
81.91
4.66
0
0
0
0
0
0
0
0
0
0
0
0
0.15
26.91
58.7
94.01
134.08
263.17
246.39
288.09
403.74
244.82
96.13
10.74
0
0
0
0
0
0
0
0
0
0
0
0
0.19
15.25
67.14
186.64
398.83
322.06
337.39
506.46
160.43
166.51
86.59
17.03
0
0
0
0
0
0
0
0
0
0
0
0
0.34
25.64
78.68
199.41
219.38
301.99
516.48
510.41
434.6
312.56
149.6
20.29
0
0
0
0
0
0
0
0
0
0
0
0
0.55
20.13
64.95
201.04
392.27
524.63
536.87
506.96
427.95
303.14
146.46
23.04
0
0
0
0
0
0
0
0
0
0
0
0
0.62
22.31
65.58
202.99
383.66
517.87
532.68
462.35
420.58
303.44
136.03
24.5
0
0
0
0
0
0
0
0
0
0
0
0
0.86
30.58
88.91
199.05
394.04
527.68
560.97
537.7
461.42
344.82
172.58
29.19
0
0
0
0
0
0
0
0
0
0
0
0
0.33
10.19
48.31
77.22
131.06
152.46
112.18
117.29
84.33
54.8
24.9
5.07
0
0
0
0
0
0
0
0
0
0
0
0
0.42
9.91
49.7
54.68
113.53
145.89
215.03
82.83
143.68
52.9
25.77
8.11
0.03
0
0
0
0
0
0
0
0
0
0
0
0.74
29.13
94.07
148.48
167.37
95.64
171.5
171.11
133.11
92.4
34.96
20.37
0.26
0
0
0
0
0
0
0
0
0
0
0
0.97
25.44
50.53
131.41
360.88
282.14
418.09
109.21
222.58
210.37
97.33
13.59
0.21
0
0
0
0
0
0
0
0
0
0
0
2.41
24.89
42.17
50.3
82.49
106.77
94.54
53.58
48.39
42.09
13.82
7.02
0.15
0
0
0
0
0
0
0
0
0
0
0
0.45
8.04
84.31
93.88
107.7
94.73
135.42
99.03
104.1
89.09
41.19
22.22
0.51
0
0
0
0
0
0
0
0
0
0
0
0.66
17.12
45.39
182.73
409.44
335.71
124.68
427.63
215.29
98.37
26.91
8.67
0.04
0
0
0
0
0
0
0
0
0
0
0
4.96
36.83
107.67
149.74
259.09
116.49
184.76
249.43
204.14
116.09
94
24.97
0.79
0
0
0
0
0
0
0
0
0
0
0
3.57
63
149.51
245.89
299.96
389.72
177.67
109.11
86.52
52.06
22.43
9.94
0.15
0
0
0
0
0
0
0
0
0
0
0
2.14
14.49
27.05
50.29
63.83
59.15
177
122.41
228.07
179.27
216.25
47.6
1.25
0
0
0
0
0
0
0
0
0
0
0
1.58
32.47
127.15
220.81
199.27
229.16
150.57
167.01
112.69
59.99
58.99
27.89
-0.18
0
0
0
0
0
0
0
0
0
0
0
5.99
71.36
176.69
312.33
174.64
81.35
246.4
244.94
323.23
243.65
161.36
18.76
1.77
0
0
0
0
0
0
0
0
0
0
0
6.07
49.98
183.37
314.57
547.56
602.58
656.58
603.63
525.26
402.59
195.49
56.99
2.13
0
0
0
0
0
0
0
0
0
0
0
8.37
57.62
154.71
384.34
469.73
562.53
574.04
442.74
488.35
287.25
131.02
49.74
2.03
0
0
0
0
0
0
0
0
0
0
0
8
52.11
162.9
231.78
428.98
539.73
628.34
597.57
518.32
382.25
130.5
46.38
2.65
0
0
0
0
0
0
0
0
0
0
0
5.74
46.78
123.39
160.19
183.02
148.11
168.16
319.29
380.45
360.59
160.38
46.73
3.45
0
0
0
0
0
0
0
0
0
0
0
5.25
33.5
74.45
89.37
123.49
108.43
102.86
171.76
135.78
75.44
80.55
44.78
3.72
0
0
0
0
0
0
0
0
0
0
0
11.48
73.3
172.45
458.47
423.85
519.33
640.93
600.41
454.17
295.42
120.53
55.99
2.76
0
0
0
0
0
0
0
0
0
0
0
15.46
67.5
194.62
314.83
351.56
560.44
612.51
534.24
385.73
298.33
117.65
46.78
4.29
0
0
0
0
0
0
0
0
0
0
0
9.2
33.32
57.92
84.46
104.61
190.63
133.66
195.76
196.65
187.2
73.94
15.94
2.44
0
0
0
0
0
0
0
0
0
0
0
8.08
21.76
33.32
116.64
95.36
125.89
230.67
309.34
117.57
61.75
68.05
49.66
8.21
0
0
0
0
0
0
0
0
0
0
-0.07
9.09
41.38
92.84
85.53
247.58
212.83
285.94
321.83
286.94
277.54
109.41
70.03
7.42
0
0
0
0
0
0
0
0
0
0
0.19
15.11
86.14
110.71
189.76
180.32
86
99.13
87.55
150.47
246.2
125.9
34.57
5.37
0
0
0
0
0
0
0
0
0
0
-0.05
5.65
38.65
129.56
376.84
383.64
488.35
581.35
326.9
534.18
374.04
275.01
95.37
5.74
0
0
0
0
0
0
0
0
0
0
0.21
17.01
58.57
109.89
242.05
199.3
229.03
245.71
302.51
325.79
295.26
242.01
71.99
12.35
0
0
0
0
0
0
0
0
0
0
0.34
12.52
66.97
140.15
266.36
438.67
408.42
466.5
303.3
232.37
154.79
145.45
65.31
4.29
0
0
0
0
0
0
0
0
0
0
0.21
7.47
62.19
25.2
18.87
53.63
206.61
467
269.57
325.16
378.04
163.64
14.21
14.55
0
0
0
0
0
0
0
0
0
0
0.38
13.08
34.31
39.07
55.96
64.2
269.84
108.26
120.54
274.02
338.62
218.21
57.83
7.31
0
0
0
0
0
0
0
0
0
0
0.5
27.94
70.16
86.75
105.84
163.58
219.19
262.6
309.97
228.17
100.89
86.17
67.34
14.99
0
0
0
0
0
0
0
0
0
0
0.16
10.88
29.43
33.42
59.71
120.75
273.03
312.76
209.82
173.38
276.51
99.27
20.65
3.81
0
0
0
0
0
0
0
0
0
0
1.38
49.4
147.92
257.52
447.02
560.84
723.78
768.14
721.99
609.03
471.22
369.63
160.35
17.6
0
0
0
0
0
0
0
0
0
0
1.8
31.72
146.73
229.6
190.26
259.58
374.94
356.68
489.49
376.94
341.28
232.98
161.28
25.35
0
0
0
0
0
0
0
0
0
0
2.14
40.07
197.79
356.23
567.35
549.91
438.02
660.11
690.74
287.08
398.04
316.19
138.17
20.31
0
0
0
0
0
0
0
0
0
0
2.8
38.3
216.22
367.89
565.03
568.47
746.6
761.83
720.88
636.69
507.67
334.35
156.28
23.19
0
0
0
0
0
0
0
0
0
0
2.46
39.43
221.43
370.54
550.37
654.66
643.43
478.59
564.57
477.58
475.87
375.21
223.19
38.12
0
0
0
0
0
0
0
0
0
0
1.35
24.37
37.51
77.23
157.55
159.54
179.89
187.11
422.14
285.28
126.72
82.93
38.15
11.22
0
0
0
0
0
0
0
0
0
0
4.46
45.18
227.53
379.66
551.36
449.58
439.08
545
370.09
231.32
505.34
181.6
96.98
17.71
0
0
0
0
0
0
0
0
0
0
5.41
48.31
249.22
394.49
558.87
578.7
470.36
582.84
699.39
635.3
484.08
230.93
110.43
28.22
0
0
0
0
0
0
0
0
0
0
0.3
19.4
72.03
124.81
288.38
508.46
629.76
365.21
312.14
385.93
376.47
361.05
173.39
32.58
0
0
0
0
0
0
0
0
0
0
4.5
38.93
140.58
142.37
208.75
138.38
178.17
246.02
115.54
165.5
67.75
76.14
80.64
12.45
0.36
0
0
0
0
0
0
0
0
0
3.51
50.45
106.77
207.25
228.63
191.53
213.84
230.32
353.51
349.96
85.04
146.39
92.03
17.93
0.44
0
0
0
0
0
0
0
0
0
4.46
43.77
121.94
176.88
279.63
233.08
192.43
240.06
172.24
250.16
233.85
61.67
30.68
26.78
0.25
0
0
0
0
0
0
0
0
0
1.3
12.31
29.05
46.16
87.21
75.39
128.06
105.03
112.96
65.66
43.92
33.09
22.57
6.79
0.04
0
0
0
0
0
0
0
0
0
2.46
30.88
55.62
114.34
112.31
245.52
273.54
214.33
408.3
420.37
170.29
112.2
52.93
16.2
0.45
0
0
0
0
0
0
0
0
0
1.75
19.77
75.26
234.55
161.18
158.17
152.23
223.39
228.25
124.45
101.05
62.01
32.1
23.04
0.57
0
0
0
0
0
0
0
0
0
7.83
53.52
162.63
215.71
212.67
475.07
507.43
407.89
142.07
199.83
226.25
143.93
86.62
17.09
1.03
0
0
0
0
0
0
0
0
0
2.99
9.35
35.36
55.87
86.29
587.06
702.45
812.69
666.68
352.63
374.31
207.8
144.6
55.88
1.23
0
0
0
0
0
0
0
0
0
13.37
64.37
306.41
443.45
416.67
224.18
157.76
93.95
104.91
210.33
200.87
186.93
117.26
51.13
1.53
0
0
0
0
0
0
0
0
0
25.69
70.34
261.97
486.21
609.17
708.07
758.62
723.05
640.57
733.43
495.35
330.37
144.12
64.72
1.66
0
0
0
0
0
0
0
0
0.41
16.27
59.51
294.95
486.02
564.53
637.93
724.27
652.95
724.78
559.67
508.73
281.54
166
30.14
1
0
0
0
0
0
0
0
0
0.15
8.71
39.92
45.8
119.74
124.83
244.81
697.05
574.68
451.64
486.27
277.48
254.48
180.75
47.41
2.13
0
0
0
0
0
0
0
0
0.08
10.32
71.64
172.34
253.82
383.04
317.98
282.3
503.67
422.11
308.88
343.44
172.35
170.93
39.69
1.01
0
0
0
0
0
0
0
0
0.06
8.25
21.01
75.3
224.47
222.35
384.85
430.01
406.39
331.67
234.68
154
207.82
100.11
23.26
1.7
0
0
0
0
0
0
0
0
0.19
21.49
75.43
330.45
349.53
357.78
414.8
545.59
612.15
448.49
441.03
339.69
207.33
117.41
55.92
5.64
0
0
0
0
0
0
0
0
0.36
16.13
85.68
221.3
438.98
554.42
613.42
693.55
927.1
614.28
413.92
511.16
240.28
191.2
42.05
3.33
0
0
0
0
0
0
0
0
0.21
14.91
39.36
55.49
78.57
63.14
158.96
326.79
119.17
157.38
150.76
58.69
64.26
45.43
46.08
3.41
0
0
0
0
0
0
0
0
0.75
26.25
78.99
130.67
179.5
261.27
246.63
89.39
222.08
390.97
155.46
122.83
113.99
42.75
14.6
1.3
0
0
0
0
0
0
0
0
0.48
29.84
95.65
342.25
541.37
668.81
754.12
817.36
835.18
791.28
584.75
480.99
370.72
293.5
62.36
6.38
0
0
0
0
0
0
0
0
1.22
28.19
87.8
293.36
316.14
477.94
700.16
626.5
387.41
214.33
199.36
114.1
73.13
43.89
16.46
3.62
0
0
0
0
0
0
0
0
0.73
22.92
59.05
139.87
204.77
274.89
672.62
630.76
573.23
224.68
357.83
475.5
222.18
87.44
33.24
7.7
0
0
0
0
0
0
0
0
1.55
34.91
101.74
325
338.87
406.89
647
798.4
853.82
830.72
715.94
565.77
426.11
252.69
92.97
8.62
0
0
0
0
0
0
0
0
3.37
46.16
101.23
296.59
509.21
625.7
750.51
800.85
836.01
630.27
510.04
557.46
454.31
251.04
83.23
8.81
0
0
0
0
0
0
0
0
1.31
26.74
94.11
319.65
521.87
613.52
718.91
746.2
651.07
528.1
239.79
85.91
119.58
107.51
38.53
5.85
0
0
0
0
0
0
0
0
0.75
16.59
73.95
134.66
208.82
289.33
483.68
500.44
720.86
668.17
383.64
268.7
158.06
107.41
77.85
8.86
0
0
0
0
0
0
0
0
4.69
42.15
96.77
316.98
375.64
357.26
486.5
728.2
673.91
563.49
694.83
277.77
140.98
67.17
33.2
6.22
0
0
0
0
0
0
0
0
3.86
40.74
102.28
238.56
309.52
507.13
585.67
754.35
461.41
508.78
392.12
377.65
137.63
61.02
98.47
24.67
0
0
0
0
0
0
0
0
3.6
34.74
77.86
311.18
564.87
683.57
764.31
828.16
850.25
805.81
692.32
537.59
412.57
226.43
81.16
10.88
0
0
0
0
0
0
0
0
0.53
5.7
21.32
64.27
195.61
266.8
250.61
322.06
223.63
231.71
249.74
192.12
61.18
34.78
11.79
3.23
0
0
0
0
0
0
0
0
1.18
24.72
48.82
108.88
146.98
148.44
186.36
126.97
139.96
155.15
166.57
125.29
125.72
77.92
32.05
4.21
0
0
0
0
0
0
0
0
1.46
19.53
85.11
169.77
288.4
421.75
411.84
416.16
367.68
445.39
285.02
103.26
139.61
132.22
84.62
11.3
0
0
0
0
0
0
0
0
4.37
47.98
106.24
156.98
404.12
574.41
443.93
231.39
239.32
169.83
191.18
230.31
115.94
68.13
35.55
4.99
0
0
0
0
0
0
0
0
5.04
44.58
70.08
108.3
154.33
250.74
252.45
369.52
359.79
293.46
415.68
346.2
314.65
214.78
54.68
8.27
0
0
0
0
0
0
0
0
4.99
37.11
87.72
312.68
572.05
705.04
740.83
356.76
266.03
627.67
662.83
563.37
301.2
150.35
39.04
8.88
0
0
0
0
0
0
0
0
5.85
38.7
97.12
228
454.87
644.49
730.34
783.06
686.95
531.3
231.48
105.86
105.64
91.23
82.14
12.52
0
0
0
0
0
0
0
0
5.39
46.43
174.62
253.66
281.06
228.17
194.77
242.25
253.6
383.48
297.37
301.34
285.84
170.63
130.93
44.44
0
0
0
0
0
0
0
0
6.96
41.33
95.95
346.91
551.86
406.5
562.75
778.87
910.53
770.43
648.86
610.9
421.85
238.27
161.14
22.54
0
0
0
0
0
0
0
0
4.88
45.36
113.93
238.21
519.05
600.59
546.07
777.1
697.1
561.23
437.21
275.71
189.66
48.97
32.34
12.33
0
0
0
0
0
0
0
0
12.75
67.18
138.3
391.03
522.38
695.57
721.48
843.44
809.06
587.28
409.58
292.81
230.51
176.66
79.53
22.45
0
0
0
0
0
0
0
0
7.87
56.82
120.97
223.18
310.72
390.09
702.11
881.36
728.19
407.92
445.32
301.46
235.98
190.88
83.24
17.39
0.07
0
0
0
0
0
0
0
8.34
45.61
95.66
306.02
561.31
671.57
775.3
852.04
849.89
749.42
698.35
467.12
487.27
278.12
128.6
20.95
0.16
0
0
0
0
0
0
0
9.84
52.15
101.12
188.33
139.32
232.33
560.94
558.22
272.48
288.37
201.51
164.7
160.1
46.23
13.7
4.68
0.06
0
0
0
0
0
0
0
7.6
48.11
92.95
218.11
269.96
263.66
312.29
434.85
541.08
631.72
546.23
686.25
408.34
297.54
154.48
38.01
0.63
0
0
0
0
0
0
0
9.89
47.66
96.63
327.43
580.41
695.65
770.21
827.9
858.63
822.31
736.27
619.48
468.3
308.23
156.44
38.87
0.64
0
0
0
0
0
0
0
10.34
43.04
103.02
341.99
585.54
691.33
768.75
831.63
850.48
813.38
727.84
607.66
459.44
298.93
137.56
33.69
0.48
0
0
0
0
0
0
0
10.89
48.17
124.44
349.95
587.6
710.48
787.9
851.83
884.16
848.23
764.88
637.69
477.09
315.19
151.4
34.72
0.48
0
0
0
0
0
0
0
11.76
50.79
137.73
349
579.78
700.36
768.87
830.5
860.46
828.83
744.47
622.59
476.78
312.34
158.68
42.18
0.71
0
0
0
0
0
0
0
12.15
44.48
137.31
365.11
601.23
711.63
782.77
842.61
865.05
829.42
725.05
630.89
424.84
283.61
155.39
26.57
0.56
0
0
0
0
0
0
0
12.4
69.46
173.78
389.62
605.68
731.53
799.59
856.53
882
844.08
760.06
645.09
498.2
335.38
177.57
48.21
0.91
0
0
0
0
0
0
0
10.52
35
140.29
389.31
621.43
728.56
795.51
856.61
888.45
854
766.57
654.03
508.34
335.37
176.69
32.54
0.8
0
0
0
0
0
0
0.04
9.01
40.56
129.28
364.64
577.05
694.77
712.03
754.14
806.44
772.81
726.2
616.72
399.42
299.13
160.46
46.7
1.44
0
0
0
0
0
0
0.02
12.7
50.13
160.34
397.68
554.18
666.93
766.62
840.31
872.94
830.19
754.97
640.06
487.9
323.68
170.09
49.23
1.65
0
0
0
0
0
0
0.09
12.55
39.83
175.38
412.45
613.23
721.62
782.52
789.87
841.1
840
768.58
654.72
504.81
345.58
189.13
54.27
1.61
0
0
0
0
0
0
0.1
12.04
37.7
188.26
432.38
616.98
723.16
788.34
849.62
881.43
850.64
770.8
651.68
467.17
335.91
178.01
54.92
1.8
0
0
0
0
0
0
0.12
12
42.58
198.11
424.5
541.22
641.24
512.41
550.06
856.29
559.67
642.08
465.73
67.81
196.85
155.05
48.15
1.34
0
0
0
0
0
0
0.08
13.94
49.98
48.19
70.26
107.71
126.69
211.52
404.29
419.86
393.54
290.42
220.24
150.52
82.78
51.06
11.85
1.14
0
0
0
0
0
0
0.08
7.33
30.21
203.32
207.18
271.29
369.78
560.8
636.79
739
727.45
597.73
487.4
527.97
314.68
147.05
52.86
3.34
0
0
0
0
0
0
0.1
14.44
49.2
203.33
408.76
520.36
339.6
165.4
108.12
546.99
297.67
117.07
200.43
208.33
95.84
30.03
22.49
1.32
0
0
0
0
0
0
0.07
4.88
49.2
98.96
335.52
501.42
533.35
803.86
762.06
818.77
225.77
177.26
332.67
539.98
254.4
175.05
53.49
2.24
0
0
0
0
0
0
0.14
13.09
39.87
236.62
449.23
596.59
632.86
545.19
587.31
730.91
716.89
428.77
233.83
347.81
315.46
99.11
39.94
1.82
0
0
0
0
0
0
0.16
13.69
43.44
239.45
442.44
602.01
693.35
795.97
839.71
786.33
920.81
705.2
709.02
360.86
296.17
197.8
58.13
2.67
0
0
0
0
0
0
0.11
12.57
39.87
248.55
448.5
602.72
702.2
780.56
770.12
825.95
809.79
783.02
560.86
471.71
335.08
196.57
63.28
2.82
0
0
0
0
0
0
0.1
12.99
41.53
248.42
455.88
564.19
734.03
819.05
882.63
737.44
765.7
639.87
468.46
457.67
377.51
211.32
57.06
3.83
0
0
0
0
0
0
0.16
13.1
44.5
239.42
446.17
603.93
729.73
790.35
709.06
483.65
426.42
283.46
255.82
220.91
286.38
214.06
60.5
3.02
0
0
0
0
0
0
0.17
12.49
44.22
204.6
436.47
596.19
288.6
812.22
302.58
417.82
768.51
445.18
102.66
195
262.85
105.95
59.28
2.92
0
0
0
0
0
0
0.19
10.52
26.74
48.45
177.57
584.34
721.67
686.61
523.73
586.09
490.56
581.75
517.04
311.97
301.71
133.62
16.46
2.63
0
0
0
0
0
0
0.19
8.92
48.29
222.15
442.58
592.07
697.06
724.91
811.09
585.53
610.4
730.64
531.54
324.64
239.66
185.43
39.23
4.06
0
0
0
0
0
0
0.25
14.6
48.56
233.11
421.87
571.49
687.37
773.27
837.08
827.39
781.25
693.71
632.73
489.98
327.31
180.6
60.52
2.52
0
0
0
0
0
0
0.2
8.29
53.86
153.21
222.47
331.07
326.96
478.59
425.03
768.67
755.66
724.42
529.29
385.85
198.02
179.61
58.3
4.12
0
0
0
0
0
0
0.13
14.11
28.38
58.4
160.96
314.42
547.02
767.66
829.63
767.49
823.9
758.77
629.94
475.45
294.46
139.73
49.88
1.79
0
0
0
0
0
0
0.08
12.69
49.69
209.37
201.57
223.72
616.08
680.56
783.58
442.1
353.48
281.45
333.53
375.83
304.12
169.68
46.85
3.31
0
0
0
0
0
0
0.14
7.61
60.66
190.89
398.78
550.21
659.13
682.47
763.6
837.4
741.66
508.39
462.98
445.16
290.03
130.83
10.28
-0.89
0
0
0
0
0
0
0.15
4.33
23.76
21.45
37.56
87.44
99.48
146.33
142.98
116.44
75.11
132.99
121.24
56.72
29.65
20.25
11.92
0.97
0
0
0
0
0
0
0.14
7.33
33.3
102.24
304.17
484.59
681.03
790.21
860.68
915.98
782.68
845.62
701.05
402.25
359.63
204.01
66.24
2.92
0
0
0
0
0
0
0.2
12.68
37.39
228.13
441.93
589.41
706.35
793.15
856.35
880.73
854.78
777.15
667.97
527.2
380.49
217.37
67.55
3.28
0
0
0
0
0
0
0.18
12.47
39.37
220.09
436.6
583.5
699.67
783.84
824.74
859.55
828.55
721.47
367.51
269.84
204.44
142.38
34.65
2.18
0
0
0
0
0
0
0.1
10.12
63.76
160.66
273.64
333.76
639.75
675.1
656.83
630.64
524.2
411.5
435.6
225.86
198.12
76.21
8.33
-0.54
0
0
0
0
0
0
0.11
13.98
61.26
221
416.35
533.79
387.19
675.03
595.9
609.27
799.17
540.98
406.97
444.27
352.84
157.09
78.05
4.42
0
0
0
0
0
0
0.12
11.19
35.38
222.2
440.51
590.58
704.47
772.34
844
687.48
858.87
767.12
552.68
462.01
181.43
55.38
33.14
2.5
0
0
0
0
0
0
0.03
7.89
51.94
157.04
327.78
366.13
616
691.42
421.43
239.72
135.49
155.37
199.3
54.17
59.55
39.23
33.58
2.38
0
0
0
0
0
0
0.13
9.73
50.84
204.4
398.82
544.46
577.57
523.13
584.77
822.83
601.98
527.2
293.4
213.21
103.85
70.26
23.18
1.84
0
0
0
0
0
0
0.02
12.24
41.56
181.4
326.89
563.9
591.56
564.13
466.7
418.57
585.39
705.86
625.67
480.54
363.25
184.05
61.58
3.98
0
0
0
0
0
0
0.1
12.43
50.99
49.61
167.86
313.01
348.56
429.27
551.08
603.39
530.89
613.19
617.12
376.4
309.53
120.61
43.95
2.87
0
0
0
0
0
0
0
8.81
51.87
166.65
353.26
453.75
657.44
718.26
713.64
497.24
534.25
622.42
627.02
441.98
338.26
182.35
33.07
2.05
0
0
0
0
0
0
0
14.77
50.73
51.25
133.37
145.38
129.9
53.43
508.32
584.36
804.68
639.98
634.43
477.27
351.4
213.15
72.48
3.56
0
0
0
0
0
0
0
9.96
37.61
178.78
415.31
551.01
691.46
608.14
750.92
614.7
838.4
661.47
708.78
500.74
343.85
143.95
59.11
3.01
0
0
0
0
0
0
0
9.78
34.72
168.74
409.72
580.14
700.23
816.99
859.92
881.52
851.38
768.9
657.28
512.21
354.76
199.62
64.63
2.8
0
0
0
0
0
0
0
11.71
31.5
153.32
390.13
575.35
693.87
776.77
834.64
862.09
836.28
755.9
641.75
499.97
344.57
188.29
54.95
1.74
0
0
0
0
0
0
0
11.4
43.97
143.99
344.11
511.69
628.29
728.85
757.05
765.57
781.45
749.47
627.27
477.5
325.38
145.45
30.42
1.47
0
0
0
0
0
0
0
13.75
54.39
97.92
316.25
534.22
437.46
601.49
771.21
705.9
683.02
675.13
551.64
448.61
255.11
109.14
50.74
1.93
0
0
0
0
0
0
0
8.28
41.91
113.05
332.79
537.24
644.67
731.99
768.45
650.93
790.36
733.37
561.39
445.95
330.53
125.18
46.89
3.46
0
0
0
0
0
0
0
6.25
58.37
109.74
302.43
571.86
336.13
521.29
581.22
716.8
637.82
459.77
497.12
446.76
239.67
101.71
39.89
1.94
0
0
0
0
0
0
0
6.15
40.61
120.66
300.75
369.3
413.98
789.42
868.93
822.06
504.88
468.96
359.86
309.67
250.3
170.17
47.91
1.45
0
0
0
0
0
0
0
8.4
48.64
125.34
311.28
500.26
590.44
604.43
625.71
592.16
655.93
584.87
323.48
195.71
217.51
179.89
58.48
1.98
0
0
0
0
0
0
0
6.26
29.03
76.26
296.38
563.39
676.66
754.91
817.48
769.94
752.77
715.73
611.43
418.94
332.23
87.51
-1.28
0.44
0
0
0
0
0
0
0
1.4
44.3
130.43
181.56
283.27
566.15
704.12
749.64
658.2
833.25
750.33
634.09
479.37
314.11
180.54
51.99
1.87
0
0
0
0
0
0
0
4.9
35.46
86.45
277.42
550.08
553.99
572.7
732.21
794.15
792.54
565.35
498.71
446.29
317.46
165.04
41.99
1.24
0
0
0
0
0
0
0
6.33
31.14
67.89
278.39
563.02
680.86
769.57
837.59
819.94
625.32
623.99
642.35
478.33
313.32
168.65
49.44
0.93
0
0
0
0
0
0
0
8.3
49.33
90.57
260.11
539.87
589.76
744.35
721.82
796.78
764.69
627.08
410.6
61.15
102.04
22.17
20.05
0.7
0
0
0
0
0
0
0
4.49
43.92
94.63
198.18
428.89
498.18
432.02
677.85
753.31
333.64
492.86
239.82
347.24
307.46
168.5
51.08
1.29
0
0
0
0
0
0
0
3.94
48.16
96.57
232.57
408.8
518.25
298.05
365.87
525.38
339.91
579.7
536.12
167.49
19.77
78.76
15.29
0.68
0
0
0
0
0
0
0
4.2
47.65
79.56
165.3
254.95
296.83
325.02
439.99
567.34
615.39
587.64
467.19
367.11
199.73
132.68
36.42
0.41
0
0
0
0
0
0
0
3.7
30.38
66.65
225.86
527.39
545.64
636.19
758.39
608.38
429.67
474.18
320.11
249.56
154.83
115.63
31.78
0.47
0
0
0
0
0
0
0
4.28
24.47
23.57
223.09
361.32
174.35
454.28
145.12
294.65
375.35
502.69
567.44
478.29
298.97
36.01
39.34
0.58
0
0
0
0
0
0
0
4.23
34.81
93.58
209.51
198.86
126.52
106.15
190.03
516.23
459.04
43.28
310.75
202.47
136.56
78.85
7.34
0.18
0
0
0
0
0
0
0
1.57
18.79
93.42
229.39
440.45
266.38
321.84
148.2
113.9
657.83
755.66
551.6
160.45
319.35
159.72
18.55
-0.1
0
0
0
0
0
0
0
2.63
31.99
89.95
130.44
289.05
146.24
290.23
454.26
247.85
126.17
83.51
111.7
128.75
37.4
16.18
5.79
-0.02
0
0
0
0
0
0
0
0.41
15.31
35.64
63.35
101.07
255.49
330.98
450.65
430.79
516.3
580.84
471.18
273.46
111.38
26.48
5.15
0.09
0
0
0
0
0
0
0
2.18
23.54
126.27
136.58
42.27
99.07
156.92
390.46
323.32
229.96
459.54
199.18
455.06
242.99
81.32
39.02
0.34
0
0
0
0
0
0
0
0.92
22.41
59.76
149.38
266.61
479.7
358.17
593.95
341.43
335.1
458.72
378.51
395.15
286.16
159.24
20.29
0
0
0
0
0
0
0
0
1.01
30.23
46.81
109.36
107.89
231.55
503.13
208.51
299.43
255.19
293.75
360.6
313.67
223.89
58.36
9.76
0
0
0
0
0
0
0
0
0.12
8.24
26.85
45.69
81.67
105.37
183.41
210.32
176.64
434.07
635.2
212.88
365.23
306.42
121.18
13.54
0
0
0
0
0
0
0
0
2.46
39.61
92.22
147.63
145.51
117.85
200.73
315.75
109.4
126.01
82.28
92.05
193.28
68.89
38.43
1.66
0
0
0
0
0
0
0
0
1.07
23.48
60.64
44
101.83
218.67
107.31
199.9
308.9
507.24
345.79
409.42
397.96
143.36
110.73
16.29
0
0
0
0
0
0
0
0
0.88
11.19
33.93
242.49
547.45
373.28
436.35
327.24
245.74
274.56
349.79
270.28
305.42
176.49
67.95
15.2
0
0
0
0
0
0
0
0
0.67
25.85
106.54
205.76
146.88
206.29
338.6
361.6
484.6
550.05
304.35
184.31
246.95
114.86
63.7
23.21
0
0
0
0
0
0
0
0
0.21
11.66
36.71
90.51
240.29
447.85
365.05
331.07
532.7
580.72
264.63
219.3
42.74
101.57
40.83
3.25
0
0
0
0
0
0
0
0
0.05
8.33
23.87
77.52
120.31
134.43
211.52
165.83
135.12
132.18
125.52
103.59
117.56
167.48
94.49
3.09
0
0
0
0
0
0
0
0
0.68
23.37
86.05
240.68
516.01
573.54
510.39
587.79
535.78
508.09
380.85
249.24
183.8
59.81
40.45
3.27
0
0
0
0
0
0
0
0
-0.03
4.75
18.31
30.25
87.24
72.43
249.97
431.02
652.41
538.43
645.25
362.16
442.03
268.75
78.11
17.76
0
0
0
0
0
0
0
0
0.69
18.32
52.3
215.22
497.37
587.63
575.44
714.76
771.58
767.44
748.39
532.14
454.12
283.21
102.57
16.53
0
0
0
0
0
0
0
0
0.6
15.27
33.48
197.94
509.39
624.92
708.74
772.49
796.7
768.05
690.41
572.27
423.6
238.68
83.81
15.09
0
0
0
0
0
0
0
0
0.47
22.66
58.56
188.62
123.91
239.13
388.75
652.58
761.95
741.57
426.28
31.74
36.2
63.9
51.33
5.21
0
0
0
0
0
0
0
0
0.24
10.87
49
165.31
267.72
387.71
408.45
397.94
307.95
398.61
392.11
334.78
74.65
269.03
70.6
5.2
0
0
0
0
0
0
0
0
0.6
27.03
43.1
87.13
220.13
605.4
687.65
698.81
768.84
737.33
619.83
480.3
265.83
240.76
74.55
5.94
0
0
0
0
0
0
0
0
0.24
17.67
68.89
214.14
458.9
557.35
612.16
695.68
640.81
797.45
714.5
445.95
327.17
69.1
22.28
8.96
0
0
0
0
0
0
0
0
0.16
13.48
53.14
140.05
360.7
570.88
660.9
729.83
805.36
386.08
283.59
463.85
353.85
154.94
112.34
2.23
0
0
0
0
0
0
0
0
0.1
11.06
49.19
140.73
439.76
556.89
646.39
713.47
746.91
636.15
651.32
540.63
260.13
25.21
0.29
-0.06
0
0
0
0
0
0
0
0
0.26
16.69
75.93
189.2
419.23
549.31
668.15
731.81
755.16
730.25
659.94
535.93
387.89
225.5
74.6
4.32
0
0
0
0
0
0
0
0
0.14
12.61
34.57
223.52
456.86
575.84
659.64
722.36
748.34
715.97
639.43
388.47
146.84
187.96
47.08
1.96
0
0
0
0
0
0
0
0
0
14.69
57.93
203.45
431.83
555.22
614.41
584.39
525.33
580.84
623.15
524.48
371.85
196.81
55.02
4.05
0
0
0
0
0
0
0
0
0
12.63
44.33
203.02
435.81
559.72
652.89
717.8
745.36
710.58
619.92
517.91
368.02
199.78
50.48
2.38
0
0
0
0
0
0
0
0
0
13.88
53.44
208.31
428.92
472.46
648.37
671.76
650.18
556.47
574.33
499.05
398.3
199.29
51.94
1.73
0
0
0
0
0
0
0
0
0
10.64
37.22
205.35
442.1
563.01
654.36
717.5
739.42
683.49
531.28
510.67
372.02
205.19
45.01
1.92
0
0
0
0
0
0
0
0
0
14.75
46.63
164.78
311.38
531.64
554.87
619.83
690.83
650.26
502.79
436.6
203.08
137.41
24.94
0.53
0
0
0
0
0
0
0
0
0
10.82
43.95
180.98
444.41
252.1
55.91
287.58
372.67
432.85
270.83
143.2
182.26
208.1
59.4
1.45
0
0
0
0
0
0
0
0
0
1.77
27.26
69.73
182.23
446.45
585.54
477.11
556.26
525.21
435.31
131.87
18.68
13.73
3.41
1.38
0
0
0
0
0
0
0
0
0
2.08
30.93
62.18
118.55
139.9
138.68
132.31
149.84
123.6
135.69
64.01
59.37
45.42
13.72
0.26
0
0
0
0
0
0
0
0
0
2.5
18.06
42.85
119.49
82.28
53.56
110.3
405.73
204.1
65.11
86.51
64.16
24.26
6.87
0.15
0
0
0
0
0
0
0
0
0
1.82
19.53
37.6
51.64
74.94
84.89
155.77
163.61
157.38
275.95
191.94
279.17
96.33
17.17
0.08
0
0
0
0
0
0
0
0
0
9.98
65.9
120.63
335.86
492.45
662.73
646.27
589.33
260.57
169.58
257.5
90.45
33.17
43.92
0.37
0
0
0
0
0
0
0
0
0
5
40.82
98.13
263.59
324.13
537.12
372.66
409.59
461.11
398.51
323.15
309.05
109.34
21.15
0
0
0
0
0
0
0
0
0
0
3.26
20.43
62.68
94.35
150.09
238.09
166.32
182.81
226.69
235.19
78.35
125.86
99.05
15.31
0
0
0
0
0
0
0
0
0
0
4.54
44.15
155.09
233.16
237.15
302.24
420.65
520.08
588.86
634.44
475.86
330.24
157.07
19.45
0
0
0
0
0
0
0
0
0
0
3.82
56.36
146.23
221.91
425.89
453.76
519.01
448.79
476.01
414
384.39
234.5
108.54
18.86
0
0
0
0
0
0
0
0
0
0
6.27
31.36
147.96
277.09
547.23
637.27
694.71
713.35
680.4
601.88
480.34
320.93
139.81
16.36
0
0
0
0
0
0
0
0
0
0
3.75
24.62
107.01
285.87
539.46
635.26
696.07
720.06
685.09
598.95
479.74
318.8
134.51
16.64
0
0
0
0
0
0
0
0
0
0
3.47
23.59
104.22
288.31
545.06
635.47
694.74
715.92
681.89
601.17
478.1
313.96
122.65
14.89
0
0
0
0
0
0
0
0
0
0
3.48
24.82
106.74
290.05
538.84
633.84
694.26
715.05
677.44
596.18
470.6
307.57
108.76
11.4
0
0
0
0
0
0
0
0
0
0
3.05
26.82
104.83
276.23
536.12
626.64
684.71
702.56
662.2
575.59
455.93
291.67
96.61
10.55
0
0
0
0
0
0
0
0
0
0
2.78
26.43
113.13
265.12
521.86
613.2
673.6
692.87
655.89
575.72
448.76
257.53
99.03
10.61
0
0
0
0
0
0
0
0
0
0
2.61
27.81
88.08
258.22
492.83
585.22
643.49
660.45
626.48
546.2
427.36
272.02
84.17
9.06
0
0
0
0
0
0
0
0
0
0
2.82
31.35
77.43
260.34
473.29
563.18
629.29
643.02
606.62
527.26
425.04
259.46
66.35
11.01
0
0
0
0
0
0
0
0
0
0
2.63
41.88
92.31
267.93
480.3
566.7
608.01
628.23
570.64
522.16
407.74
246.97
71.4
6.45
0
0
0
0
0
0
0
0
0
0
1.8
31.81
103.39
250.41
164.43
282.65
254.41
295.32
164.51
189.25
144.73
120.04
63.9
5.02
0
0
0
0
0
0
0
0
0
0
0.91
17.69
56.07
136.93
269.06
401.82
672.72
693.01
665.53
588.5
399.52
242.46
69.02
5.09
0
0
0
0
0
0
0
0
0
0
1.11
32
82.68
195.26
501.61
584.78
643.6
663.5
664.28
272.16
449.33
216.5
64.15
4.41
0
0
0
0
0
0
0
0
0
0
1.1
19.57
38.33
135.47
496.07
585.28
639.23
657.19
618.38
536.12
406.93
209.68
56.23
4.01
0
0
0
0
0
0
0
0
0
0
0.89
29.69
75.55
166.67
329.11
514.54
548.53
633.3
582.9
433.51
334.1
153.13
60.95
3.34
0
0
0
0
0
0
0
0
0
0
0.63
28.65
72
130.93
250.32
456.24
394.78
268.08
145.48
48.13
36.68
27.66
36.96
3.06
0
0
0
0
0
0
0
0
0
0
0.31
12.83
58.2
198.43
265.29
385.42
434.04
573.06
589.94
352.57
286.2
164.23
52.37
2.78
0
0
0
0
0
0
0
0
0
0
0.73
19.07
69.98
111.33
479.12
563.57
610.68
624.54
592.51
511.27
380.47
153.27
31.56
2.02
0
0
0
0
0
0
0
0
0
0
0.65
17.29
85.79
101.05
194.99
371.38
589.79
616.38
582.91
492.4
361.49
115.04
30.97
0.57
0
0
0
0
0
0
0
0
0
0
0
4.2
26.28
57.76
119.66
88.16
80.7
164.16
222.35
156.09
104.88
42.53
30.18
2.77
0
0
0
0
0
0
0
0
0
0
0.08
8.91
73.44
107.98
170.02
475.93
446.31
408.65
493.72
439.51
333.22
147.18
28.03
0.78
0
0
0
0
0
0
0
0
0
0
0.12
15.14
46.76
102.94
408.39
537.25
616.73
493.91
640.33
414.08
181.87
164.48
26.03
0.78
0
0
0
0
0
0
0
0
0
0
0.23
14.81
35.7
91.22
391.29
552.82
601.38
585.44
568.04
486.43
352.26
122.03
17.03
0.36
0
0
0
0
0
0
0
0
0
0
0.18
12.11
38.64
94.79
344.52
533.22
586.08
599.32
557
472.82
333.6
71.41
22.07
0.35
0
0
0
0
0
0
0
0
0
0
0.73
20.73
52.8
112.35
299.44
504.02
560.85
577.81
541.34
446.67
323.23
118.85
23.99
0
0
0
0
0
0
0
0
0
0
0
0
29.84
89.35
159.47
259.45
503.12
582.7
586.38
545.46
447.98
305.69
97.34
21.09
0
0
0
0
0
0
0
0
0
0
0
0
22.43
65.28
143.76
209.5
329.56
337.09
166.3
349.53
390.25
167.38
129.63
14.15
0
0
0
0
0
0
0
0
0
0
0
0
5.83
20.56
61.34
203.67
425.08
495.35
453.01
518.45
419.36
293.34
108.73
14.51
0
0
0
0
0
0
0
0
0
0
0
0
10.38
38.61
112.75
227.27
469.67
557.47
565.49
528.13
435.79
281.21
99.54
17.77
0
0
0
0
0
0
0
0
0
0
0
0
10.73
40.17
130.29
217.22
453.25
513.91
555.38
504.15
413.66
306.14
96.43
20.03
0
0
0
0
0
0
0
0
0
0
0
0
22.54
56.7
111.3
214.68
476.73
535.7
523.18
237.25
110.15
74.63
69.77
-0.2
0
0
0
0
0
0
0
0
0
0
0
0
14.94
60.55
141.17
170.05
460.93
468.72
470.78
379.4
408.43
244.13
86.31
13.37
0
0
0
0
0
0
0
0
0
0
0
0
8.53
81.17
152.57
224.41
381.13
414.69
314.53
222.42
141.13
87.56
64.2
11.42
0
0
0
0
0
0
0
0
0
0
0
0
8.8
67.5
135.93
218.29
490.85
513.01
420.89
447.52
377.81
272.66
92.71
15.57
0
0
0
0
0
0
0
0
0
0
0
0
7.7
60.43
153.79
223.99
324.57
242.56
144.58
261.48
137.45
71.59
42.96
4.75
0
0
0
0
0
0
0
0
0
0
0
0
3.49
18.36
75.52
109.02
44.29
34.25
44.33
83.39
108.73
52.29
29.7
4.22
0
0
0
0
0
0
0
0
0
0
0
0
5.81
49.46
62.48
62.48
44.38
95.38
147.25
141.45
135.3
45.31
26.21
2.84
0
0
0
0
0
0
0
0
0
0
0
0
6.35
55.08
106.15
183.73
307.32
463.18
481.73
438.93
334.24
215.63
59.69
10.14
0
0
0
0
0
0
0
0
0
0
0
0
8.15
59.31
88.12
114.96
433.9
497.96
510.8
399.37
328.14
243.97
79.08
8.27
0
0
0
0
0
0
0
0
0
0
0
0
3.03
59.38
95.23
81.8
124.19
125.32
94.15
115.05
56.74
44.08
35.46
0.85
0
0
0
0
0
0
0
0
0
0
0
0
5.38
51.39
127.62
176.64
369.97
382.98
446.44
392.99
386.02
233.01
68.28
4.61
0
0
0
0
0
0
0
0
0
0
0
0
6.29
37.1
64.13
116.99
125.52
143.5
176.38
152.2
107.24
139.57
60.77
3.8
0
0
0
0
0
0
0
0
0
0
0
0
3.65
28.05
52.12
130.93
266.19
350.86
339.64
244.85
399.79
98.42
72.53
3.3
0
0
0
0
0
0
0
0
0
0
0
0
2.49
28.37
84.26
138.62
171.11
322.66
460.75
447.05
370.85
199.74
30.85
1.92
0
0
0
0
0
0
0
0
0
0
0
0
3.32
40.25
106.09
185.48
209.12
261.3
200.89
149.04
241.39
226.15
47.21
1.9
0
0
0
0
0
0
0
0
0
0
0
0
3.11
44.07
108.61
164.15
285.5
292.24
361.11
266.4
157.83
173.03
46.25
2.24
0
0
0
0
0
0
0
0
0
0
0
0
0.28
7.24
35.29
113.95
199.66
218.7
326.67
237.56
118.31
34.94
22.76
0.35
0
0
0
0
0
0
0
0
0
0
0
0
0.46
14.69
23.04
61.36
105.27
146.65
101.79
171.39
124.61
84
39.67
0.72
0
0
0
0
0
0
0
0
0
0
0
0
2.76
18.87
50.42
136.87
285.72
370.33
467.09
447.56
155.59
73
13.97
0.38
0
0
0
0
0
0
0
0
0
0
0
0
1.11
25.08
74.71
81.13
394.74
422.69
372.77
308.23
292.96
153.62
28.76
0.44
0
0
0
0
0
0
0
0
0
0
0
0
1.21
19.75
44.37
102.07
391.8
372.86
301.42
240.43
210.2
89.5
19.41
0.4
0
0
0
0
0
0
0
0
0
0
0
0
0.64
31.56
74.85
76.67
90.5
81.84
51.3
33.75
24.39
12.86
2.22
0.07
0
0
0
0
0
0
0
0
0
0
0
0
1.44
33.1
80.5
138.47
204.04
336.01
336.06
152.25
107.15
39.84
8.41
0.11
0
0
0
0
0
0
0
0
0
0
0
0
0.64
28.97
80.66
119.38
238.34
115.55
98.6
72.25
72.47
50.39
20.35
0.1
0
0
0
0
0
0
0
0
0
0
0
0
0.09
9.09
22.38
55.08
128.49
127.82
114.94
128.96
187.64
44.68
12.35
0
0
0
0
0
0
0
0
0
0
0
0
0
0.24
13.26
69.6
125.31
166.65
269.69
286.19
208.02
93.27
29.8
3.08
0
0
0
0
0
0
0
0
0
0
0
0
0
0.59
23.49
58.5
87.58
180.7
216.11
179.08
63.29
81.98
54.93
14.94
0
0
0
0
0
0
0
0
0
0
0
0
0
0.22
14.44
61.91
118.34
253.74
332.1
276.61
235.81
71.8
47.44
19.54
0
0
0
0
0
0
0
0
0
0
0
0
0
0.05
11.62
33.81
75.93
109.22
92.19
44.51
48.72
68.65
29.53
5.74
0
0
0
0
0
0
0
0
0
0
0
0
0
0.12
14.92
74.75
149.69
258.47
331.92
234.69
292.99
219.05
81.09
17.9
0
0
0
0
0
0
0
0
0
0
0
0
0
0.34
10.75
23.85
61.86
72.31
43.38
64.28
58.18
23.67
23.74
3.69
0
0
0
0
0
0
0
0
0
0
0
0
0
0.07
22.14
56.8
98.86
78.83
71.47
136.42
98.35
33.36
19.65
3.67
0
0
0
0
0
0
0
0
0
0
0
0
0
0.05
13.28
49.33
72.7
256.42
277.28
365.03
201.14
94.54
50.6
7.63
0
0
0
0
0
0
0
0
0
0
0
0
0
0
8.48
63.79
97.71
62.5
62.07
131.54
130.54
53.37
35.01
5.75
0
0
0
0
0
0
0
0
0
0
0
0
0
0
10.41
44.99
79.86
123.93
348.6
347.2
155.35
146.14
33.37
7.72
0
0
0
0
0
0
0
0
0
0
0
0
0
0
11.43
47.88
91.33
88.98
156.83
153.17
94.1
40.48
31.26
4.33
0
0
0
0
0
0
0
0
0
0
0
0
0
0
9.36
41.28
101.5
150.3
97.44
285.78
160.4
130.96
37.47
5.11
0
0
0
0
0
0
0
0
0
0
0
0
0
0
11.31
61.73
80.52
151.17
104.89
103.33
64.27
69.22
30.56
3.63
0
0
0
0
0
0
0
0
0
0
0
0
0
0
4.31
42.92
59.45
144.42
153.14
121.1
204.51
81.86
59.29
10.17
0
0
0
0
0
0
0
0
0
0
0
0
0
0
2.73
18.42
43.81
68.8
154.29
127.32
170.82
215.55
63.3
12.57
0
0
0
0
0
0
0
0
0
0
0
0
0
0
9.28
52.88
81.01
131.32
370.06
122.93
72.85
63.68
49.94
5.16
0
0
0
0
0
0
0
0
0
0
0
0
0
0
1.66
11.3
22.85
38.26
49.03
42.58
29.66
22.43
8.86
0.86
0
0
0
0
0
0
0
0
0
0
0
0
0
0
6.66
35.86
85.1
114
88.01
63.22
43.96
31.46
14.6
3.71
0
0
0
0
0
0
0
0
0
0
0
0
0
0
3.96
40.14
119.35
160.13
127.88
166.49
99.16
164
43.35
10.03
0
0
0
0
0
0
0
0
0
0
0
0
0
0
4.83
37.85
99.54
145.53
188.37
180.45
137.97
37.15
8.16
0.11
0
0
0
0
0
0
0
0
0
0
0
0
0
0
7.95
50.67
97.5
168.74
217.26
259.62
222.58
203.51
58.94
3.82
0
0
0
0
0
0
0
0
0
0
0
0
0
0
4.96
23.91
90.59
178.37
306.94
273.69
206.24
129.95
40.6
1.88
0
0
0
0
0
0
0
0
0
0
0
0
0
0
0.79
10.65
38.24
80.15
104.07
161.95
147.41
78.11
41.96
1.2
0
0
0
0
0
0
0
0
0
0
0
0
0
0
1.55
23.52
49.85
103.25
106.26
97.52
106.78
63.82
20.48
1.43
0
0
0
0
0
0
0
0
0
0
0
0
0
0
1.18
13.89
69.56
117.9
113.39
210.62
133.75
30.03
11.17
2.57
0
0
0
0
0
0
0
0
0
0
0
0
0
0
1.2
14.15
40.14
102.51
127.21
103.3
39.25
48.83
22.39
1.16
0
0
0
0
0
0
0
0
0
0
0
0
0
0
3.27
11.32
26.78
44.2
37.97
59.4
75.14
64.39
26.98
1.28
0
0
0
0
0
0
0
0
0
0
0
0
0
0
3.54
31.99
62.54
70.84
185.19
114.67
58.79
67.67
9.16
2.32
0
0
0
0
0
0
0
0
0
0
0
0
0
0
3.97
38.5
58.88
155.48
114.73
134.83
87.58
24.7
9.1
0.73
0
0
0
0
0
0
0
0
0
0
0
0
0
0
2.21
24.25
74.65
143.75
235.15
234.94
103.36
70.25
31.52
0.7
0
0
0
0
0
0
0
0
0
0
0
0
0
0
0.83
26.47
49.27
97.19
97.17
74.36
55.84
24.85
8.42
0.28
0
0
0
0
0
0
0
0
0
0
0
0
0
0
0.61
17.1
46.35
55.12
65.84
71.02
40.87
21.95
12.87
0.72
0
0
0
0
0
0
0
0
0
0
0
0
0
0
1.85
36.44
104.93
95.21
78.63
61.41
79.26
34.23
16.96
0.89
0
0
0
0
0
0
0
0
0
0
0
0
0
0
0.9
17.3
44.98
141.97
150.5
147.05
138.89
69.21
27.88
1.38
0
0
0
0
0
0
0
0
0
0
0
0
0
0
0.42
7.99
40.29
61.74
111.28
103.4
52.2
24.26
9
0.5
0
0
0
0
0
0
0
0
0
0
0
0
0
0
0.41
9.1
28.81
60.65
85.84
76.13
76.55
59.39
21.33
1.24
0
0
0
0
0
0
0
0
0
0
0
0
0
0
1.04
17.1
39.91
64.7
113.18
119.81
148.87
118.39
47.81
2.06
0
0
0
0
0
0
0
0
0
0
0
0
0
0
1.16
28.76
88.2
146.45
154.66
203.56
97.16
47.62
40.7
1.39
0
0
0
0
0
0
0
0
0
0
0
0
0
0
0.74
17.07
56.88
129.56
132.46
188.55
113.77
57.21
22.24
0.73
0
0
0
0
0
0
0
0
0
0
0
0
0
0
0.26
10.15
18.92
47.78
52.86
103.9
72.8
37.16
9.22
0.28
0
0
0
0
0
0
0
0
0
0
0
0
0
0
0.31
16.44
56.15
92.2
77.78
81.79
192.5
172.14
68.02
0.88
0
0
0
0
0
0
0
0
0
0
0
0
0
0
1.03
15.82
33.48
68.12
83.7
63.19
54.73
26.99
8.07
0.06
0
0
0
0
0
0
0
0
0
0
0
0
0
0
0.23
9.23
25.8
49.92
94.73
79.49
60.75
32.05
12.34
0.49
0
0
0
0
0
0
0
0
0
0
0
0
0
0
0.23
22.99
39.84
61.83
71.06
113.23
178.06
120.22
28.4
0.75
0
0
0
0
0
0
0
0
0
0
0
0
0
0
0.17
9.74
41.64
75.98
65.48
56.15
76.98
26.91
15.82
0.52
0
0
0
0
0
0
0
0
0
0
0
0
0
0
0.24
15.82
56.72
98.57
91.33
121.26
121.99
51.65
8.39
0.64
0
0
0
0
0
0
0
0
0
0
0
0
0
0
0.16
16.02
60.03
139.79
137.08
69.44
71.12
18.36
21.86
0.26
0
0
0
0
0
0
0
0
0
0
0
0
0
0
0.06
8.67
20.71
46.56
50.27
18.48
18.44
15.87
10.92
0.3
0
0
0
0
0
0
0
0
0
0
0
0
0
0
0.15
10.98
41.26
63.83
42.18
58.63
55.77
16.57
6.03
0.58
0
0
0
0
0
0
0
0
0
0
0
0
0
0
0.22
9.45
32.79
55.16
136.6
136.54
88.15
105.43
54.55
1.76
0
0
0
0
0
0
0
0
0
0
0
0
0
0
0.16
14.71
43.29
92.81
185.56
165.11
176.78
142.57
45.86
1.4
0
0
0
0
0
0
0
0
0
0
0
0
0
0
0.19
15.69
35.85
79.47
204.77
171.09
189.52
148.13
44.65
1.52
0
0
0
0
0
0
0
0
0
0
0
0
0
0
0.6
17.79
48.72
101.02
216.5
204.6
161.91
53.39
18.79
0.47
0
0
0
0
0
0
0
0
0
0
0
0
0
0
-0.03
9.14
51.12
96.26
112.48
65.34
74.4
44.79
30.81
1.36
0
0
0
0
0
0
0
0
0
0
0
0
0
0
-0.02
1.65
12.32
11.97
25.53
26.11
27.05
19.46
7.31
0.41
0
0
0
0
0
0
0
0
0
0
0
0
0
0
0.07
8.06
51.24
64.59
42.24
21.89
18.68
8.11
3.08
0.29
0
0
0
0
0
0
0
0
0
0
0
0
0
0
-0.02
3.47
17.91
43.53
60.5
46.4
41
34.61
13.21
0.64
0
0
0
0
0
0
0
0
0
0
0
0
0
0
0
6.87
35.29
66.71
54.24
44.76
24.19
10.69
6.34
0.44
0
0
0
0
0
0
0
0
0
0
0
0
0
0
0
2.03
12.45
22.53
27.12
36.82
32.61
20.84
6.72
0.28
0
0
0
0
0
0
0
0
0
0
0
0
0
0
0
9.34
36.83
49.11
61.74
51.12
35.35
47.11
34.74
0.86
0
0
0
0
0
0
0
0
0
0
0
0
0
0
0
14
62.06
101.22
146.28
195.9
107.75
76.42
34.55
1.66
0
0
0
0
0
0
0
0
0
0
0
0
0
0
0
10.76
22.02
25.26
26
23.09
18.74
31.09
27.25
0.92
0
0
0
0
0
0
0
0
0
0
0
0
0
0
0
15.27
61.71
91.53
228.96
214.84
108.44
30.34
16.1
1.38
0
0
0
0
0
0
0
0
0
0
0
0
0
0
0
5.65
27.44
24.02
55.51
150.77
108.2
125.22
53.07
2.22
0
0
0
0
0
0
0
0
0
0
0
0
0
0
0
11.45
51.96
80.74
112.75
146.01
92.29
70.07
12.52
0.8
0
0
0
0
0
0
0
0