585.4
579.9
682
221
827.9
459.6
169.1
235.1
212.7
218.5
125.5
442.3
988.3
1326.3
1114.2
690.9
343.3
234
483.3
695.3
410
609.2
544.6
366.3
822
408.5
803.5
628.4
446.8
270.3
264.2
844.7
826.6
492.7
443.1
1274.1
676.2
648.9
388
473.6
804.4
552.5
857.2
1515.3
1372
846.7
806.2
556.2
235.8
1202.3
923.2
853.6
831.7
1157.8
823.9
1636.4
646.9
1460.5
545.6
414.9
1869.6
598.5
1778.9
1021.7
1291.7
818.1
1128.1
1699.6
493.5
2182.4
2376.5
2122.8
915.8
1350
2127.5
1806.5
2369.3
2872.3
1461.7
2837.1
930.5
3199.1
2836.9
861.3
764.8
1912.9
3169.2
2263.4
2829.4
2673.2
3729.3
3813.1
3040.2
2551.1
3983.6
4004.7
4104.1
4383
4020.5
3422.9
1206.4
4001.1
4355.7
3620
2152.6
4221.6
4830.1
4907.8
4036.4
2188
4735.7
4730.7
5017
5343.9
5460.4
5601.7
5632.2
5689.7
5724.4
4269
4477.1
1948.5
4156
3437.7
1843.3
1444.2
1473.6
3025.9
3385.2
5164.8
6087.3
5606.1
5973.6
5893.1
6037.5
6079.9
5571.6
5459.3
5948.5
5785
4004.9
4066.5
6863.9
6462.4
4114.3
4986.8
1552.9
3638.4
3237.3
3413.2
3853.1
1956.7
2947.4
3802.8
4468
3262.8
3410.2
2441.5
4803.9
3046.2
4430.6
5953.3
5448.2
4658.9
5413.6
5990.5
7351.4
6751.4
6300.8
7376
6153.8
6616.2
6376.2
7680.6
6468.6
7102.4
7993.1
7972.9
7082.1
5235.7
6683.1
5041.7
6557.3
6118.7
3781.3
7579
6835.7
5778
7359
8170.7
7856.5
1484.7
6986.5
5329.5
7043.5
5450
7895.1
7783.5
5169.4
5496.4
5973.5
8410.8
8167.3
7799.3
6622.1
6616
4400.9
6672.2
2351.3
6495.3
8250.5
8275.7
8040.6
7394.2
8317.8
8112.9
7962.1
7862.4
7977.7
7821.4
7806.6
5398
3516.1
6686.6
5638
6233
5352.3
7146.7
3936.5
4437.8
6145.1
3983.4
3273.1
3733.3
1749.2
2605.4
7249.8
4906.3
5488
4320.3
5093.2
6872.2
6720.9
3989.3
3648.7
6704
2184.1
1485.8
5788.8
5058.7
3062
3444.7
4060.4
5950.1
6155.3
2795.4
4230.8
3236.4
1543.6
2391.1
855.9
2485.4
2525.4
1777.7
4051.6
5672.3
4598.6
1533.9
5653.6
5851.9
5436.1
3330.2
5761.6
1533.8
2211
1682.3
1917.1
2652.6
3733.4
3608.8
1777.5
2204.5
1388.9
1439
4051.9
3822.2
1223.6
2182.6
3702.4
3805.6
4215
1978.4
1725.5
1373.7
1772.2
2052.4
2011.9
902.2
621
1701.4
1251.2
909.5
743.6
3456.3
3413.1
3442
2840.2
2717.2
1480.5
1231.1
1131.6
1153
2469.8
1847
2459.1
692.4
847
356
2575.3
2640.1
871
1754.6
765.1
644.6
835.1
2468.3
2563.2
2484.1
556
1029.5
1092.3
278
297.4
528.8
591.1
424.5
1053.9
623.8
997.8
372
450.3
597.7
1328.1
286.5
418.8
412.9
228.6
172.8
1304.8
1235.1
361.6
641
424.2
340.9
309.7
448.7
322.4
441.9
326.4
317.3
447.8
239.5
988
832
822.1