0
0
0
0
0
0
0
0
0
26.5
84.8
127.7
156.3
172.5
134.3
86
34
0
0
0
0
0
0
0
0
0
0
0
0
0
0
0
0
17.3
63.7
119.7
177.2
175.2
146.5
112.2
20.2
0
0
0
0
0
0
0
0
0
0
0
0
0
0
0
0
8.7
98.2
108.7
118.7
193.3
290.7
127.7
39.8
2.2
0
0
0
0
0
0
0
0
0
0
0
0
0
0
0
13.3
43.3
36.3
51.2
36.8
36.3
22.3
0
0
0
0
0
0
0
0
0
0
0
0
0
0
0
0
0
6.7
37.2
85.7
95.8
99.5
65
49.7
8.2
0
0
0
0
0
0
0
0
0
0
0
0
0
0
0
0
5.7
51.2
111
59.2
39.2
35.2
15.8
0
0
0
0
0
0
0
0
0
0
0
0
0
0
0
0
0
0
17.5
33.3
49.3
45.7
51.7
86
40.2
2.7
0
0
0
0
0
0
0
0
0
0
0
0
0
0
0
3
43.5
79.3
89.7
78.3
48.3
58.8
41
0
0
0
0
0
0
0
0
0
0
0
0
0
0.2
0
0
2.2
41.3
41.7
61.5
62.2
35.2
42.3
35.8
0
0
0
0
0
0
0
0
0
0
0
0
0
0
0
0
6
31.7
108.3
114.2
49
51
47
41.5
0
0
0
0
0
0
0
0
0
0
0
0
0
0
0
0
2.7
35.2
59.3
72.2
52.8
41.7
35.8
10
0
0
0
0
0
0
0
0
0
0
0
0
0
0
0
0
2.2
27.2
58.3
80
64
35
51.2
23
0
0
0
0
0
0
0
0
0
0
0
0
0
0
0
0
0
21.8
24
76.3
99.3
86.2
71
43.3
2.3
0
0
0
0
0
0
0
0
0
0
0
0
0
0
0
22.7
73.5
127.5
125.5
121.7
79
70.3
20.8
0
0
0
0
0
0
0
0
0
0
0
0
0
0
0
0
0
14.6
68
63
72.2
66
38
31.2
8.6
0
0
0
0
0
0
0
0
0
0
0
0
0
0
0
26.3
126.3
238.2
284
268.5
188.2
75.3
28.3
0
0
0
0
0
0
0
0
0
0
0
0
0
0
0
0
15.5
114.7
229.7
299.7
328
96.7
118.2
95.5
6.8
0
0
0
0
0
0
0
0
0
0
0
0
0
0
0
0
10.5
35.5
29.8
32.8
22
23
19.2
0
0
0
0
0
0
0
0
0
0
0
0
0
0
0.1
0.3
4.3
19.6
35.8
54.2
29.3
30.3
31.5
23.2
0
0
0
0
0
0
0
0
0
0
0
0
0
0
0
0
4.7
27.7
61.8
74.7
58.5
78.5
53.2
43
10.8
0
0
0
0
0
0
0
0
0
0
0
0
0
0
0
4.8
28.8
47.2
72.7
76.7
85.5
66.8
34
2.3
0
0
0
0
0
0
0
0
0
0
0
0
0
0
0
0
24.2
45
49.7
49.8
45.7
46.8
25.3
0
0
0
0
0
0
0
0
0
0
0
0
0
0
0
0
0
19.2
154.3
385
282
188.8
194.5
96.8
7.5
0
0
0
0
0
0
0
0
0
0
0
0
0
0
0
11.3
51
78.8
103.5
123.8
105
79.8
39.5
5
0
0
0
0
0
0
0
0
0
0
0
0
0
0
0
5.7
33.7
52.8
75.8
88.2
84.3
67.8
36.2
5.8
0
0
0
0
0
0
0
0
0
0
0
0
0
0
0
4.7
28.3
69.2
71.7
70.5
65.5
43.8
18.3
0
0
0
0
0
0
0
0
0
0
0
0
0
0
0
0
26.8
68.2
85.5
179.8
254.5
193
130.8
44.2
15
0
0
0
0
0
0
0
0
0
0
0
0
0
0
0
10.5
45.8
85
143
127.8
100.2
63.3
38.5
9.7
0
0
0
0
0
0
0
0
0
0
0
0
0
0
0
18.7
79.2
112
140.3
203.7
201
154.8
113.5
30.7
0
0
0
0
0
0
0
0
0
0
0
0
0
0
0
2.2
20.8
49.3
68.8
105.7
100.3
45.2
27.5
4.7
0
0
0
0
0
0
0
0
0
0
0
0
0
0
0
40
96.3
86.5
109.8
129
60
43.8
18.7
7
0
0
0
0
0
0
0
0
0
0
0
0
0
0
0
17.3
79.8
61.3
97.2
119.5
87.5
39.7
26.5
0
0
0
0
0
0
0
0
0
0
0
0
0
0
0
0
0
22.8
31.2
47
56.5
48.7
46.2
34.8
10.2
0
0
0
0
0
0
0
0
0
0
0
0
0
0
0
0
2.3
30
39
41.2
69.8
60.3
28.2
7.2
0
0
0
0
0
0
0
0
0
0
0
0
0
0
0
19
104
145.8
231.7
151.3
141.5
135.2
106
57.8
0
0
0
0
0
0
0
0
0
0
0
0
0
0
0
101
189.8
208
117.3
105.8
174.8
80.2
35.4
17.2
0
0
0
0
0
0
0
0
0
0
0
0
0
0
0
18
60.4
81.8
83.7
97
67.3
76
61.5
10.3
0
0
0
0
0
0
0
0
0
0
0
0
0
0
3.5
141.2
262.8
336.2
398.2
419
384.2
307.2
188
43.8
0
0
0
0
0
0
0
0
0
0
0
0
0
0
5
153.7
265.8
352.3
404.5
422.7
388.7
312.7
199.8
58
0
0
0
0
0
0
0
0
0
0
0
0
0
0
4.2
98.2
227.2
340.3
409.7
428.2
394.2
314.7
196.3
55.3
0
0
0
0
0
0
0
0
0
0
0
0
0
0
3.3
35.8
54.2
83.7
121.2
140.8
123.5
119.8
110
42.8
0
0
0
0
0
0
0
0
0
0
0
0
0
0
0
27.3
45.7
123.8
119
85
105
72.7
47.3
18.8
0
0
0
0
0
0
0
0
0
0
0
0
0
0
0
14
51.7
91.2
162.3
133.8
97.7
88.8
83.8
41.8
0
0
0
0
0
0
0
0
0
0
0
0
0
0
2.7
48.3
124.7
184.3
225
248.3
312
331.8
216.2
61.3
0
0
0
0
0
0
0
0
0
0
0
0
0
0
0
30.3
72.2
109.3
136.8
158.8
143.3
116.5
72.3
31.5
0
0
0
0
0
0
0
0
0
0
0
0
0
0
6.5
116.2
257
352.2
335.2
480.2
437.7
352
229.2
70.7
3.2
0
0
0
0
0
0
0
0
0
0
0
0
0
11
107.8
281.8
321.5
419.5
444.8
389
331.3
202.5
59.8
6.3
0
0
0
0
0
0
0
0
0
0
0
0
0
0
22.3
39.2
64.8
43
50.7
37.5
50.5
38.3
9.7
0
0
0
0
0
0
0
0
0
0
0
0
0
0
2.3
33.5
97.7
158.3
167.8
145.5
77.8
109.3
35.3
19.5
0
0
0
0
0
0
0
0
0
0
0
0
0
0
0
8.3
34.2
81.7
120.3
166.8
94.7
74.7
71.2
40.5
0
0
0
0
0
0
0
0
0
0
0
0
0
0
5
85
266.5
379
424.7
323.3
293.3
341.3
253
81.7
6.3
0
0
0
0
0
0
0
0
0
0
0
0
0
14
114.7
132.8
167.8
187.2
335
441.2
202.7
132.8
113.3
5.5
0
0
0
0
0
0
0
0
0
0
0
0
0
32
119.7
242.2
288.2
375.2
402.7
392.7
299.3
223.8
85.3
8.7
0
0
0
0
0
0
0
0
0
0
0
0
0
12
72.7
131.3
219.8
281.2
110
83.7
115.3
110.3
16.7
0
0
0
0
0
0
0
0
0
0
0
0
0
0
10.5
47
81
118.7
179.5
211.8
125.7
155.3
153.3
42.8
6
0
0
0
0
0
0
0
0
0
0
0
0
0
13
59
118.5
130
203.8
111
107.8
205.7
217.2
59.8
5.3
0
0
0
0
0
0
0
0
0
0
0
0
0
22.2
69.2
95.5
116.5
283
245.7
223
230.2
118.5
70
6.7
0
0
0
0
0
0
0
0
0
0
0
0
0
52
252
265.7
520
403
267.3
508.3
141.7
192.5
98.7
16
0
0
0
0
0
0
0
0
0
0
0
0
0
39.1
159.9
293.7
189.2
464.2
345.5
502.8
420.7
297.3
110.5
17.3
0
0
0
0
0
0
0
0
0
0
0
0
0
42.9
189.8
360.5
453.2
522.5
535.3
498.8
416
290.3
112.2
20.5
0
0
0
0
0
0
0
0
0
0
0
0
0
46.8
185.8
334.5
449.2
516.3
530.7
478.2
435.3
304
110.3
22
0
0
0
0
0
0
0
0
0
0
0
0
0
46.3
107.2
317.2
449.8
526
555.5
527.2
446.3
323
129.8
28
0
0
0
0
0
0
0
0
0
0
0
0
0
2.5
35.7
66.5
99.5
127
102.2
129.3
90
60.8
27.8
2.3
0
0
0
0
0
0
0
0
0
0
0
0
0
9.5
53.5
64.7
130.5
156.8
212.8
72.2
114.2
58.5
31.3
5.5
0
0
0
0
0
0
0
0
0
0
0
0
0
33.3
113.8
203.3
147
71.2
175.7
182.3
135.8
123.5
45.8
19.5
0
0
0
0
0
0
0
0
0
0
0
0
0
19.7
46
144
212
347.3
356
121.8
191.5
160.8
91.3
11
0
0
0
0
0
0
0
0
0
0
0
0
0
24.8
42.8
51.2
85.5
97.5
110.7
89.5
68.2
38.5
6.5
5.8
0
0
0
0
0
0
0
0
0
0
0
0
0
7
80
109
113.5
106.3
110
116.8
107.7
95.3
38.3
18.3
0
0
0
0
0
0
0
0
0
0
0
0
0
23.2
76.2
291
497.2
317.3
133.3
375.3
162
100.2
28.2
8
0
0
0
0
0
0
0
0
0
0
0
0
4.5
116.5
205.7
214
344
279.7
183.7
240.3
235.5
107.7
94.8
26
0
0
0
0
0
0
0
0
0
0
0
0
0
60.5
183.7
264.7
311.5
360
230.5
148.8
113.3
69.8
26.7
2.7
0
0
0
0
0
0
0
0
0
0
0
0
0
17.5
50
70.7
80.3
78.7
181.8
158.8
244.2
221.8
203.2
66.7
0
0
0
0
0
0
0
0
0
0
0
0
0
38.3
142.5
324.8
378.5
254.7
179
154.2
118
56.3
59.7
19.5
0
0
0
0
0
0
0
0
0
0
0
0
15.2
158.2
309.3
333.7
192.3
135.5
238.3
133
205
99.2
142.2
16.5
0
0
0
0
0
0
0
0
0
0
0
0
2.3
60.2
233.7
402.5
562.3
603.2
583.2
602.5
511.2
379
205.7
69.2
0
0
0
0
0
0
0
0
0
0
0
0
7
122.2
245.5
442
493.7
567.7
556.3
466.2
471.3
247.7
135.8
50.2
0
0
0
0
0
0
0
0
0
0
0
0
6.3
58.2
175.2
251.8
449.5
553.3
629.3
587.3
487.8
320.5
136
47.2
0
0
0
0
0
0
0
0
0
0
0
0
2.5
48
129.3
146.3
178
158.2
149.3
440.3
451.8
268.5
156.7
53.7
0
0
0
0
0
0
0
0
0
0
0
0
3.2
36.5
69.2
92.3
179
135.2
177.7
175.2
122.7
84.5
98.3
49.8
0
0
0
0
0
0
0
0
0
0
0
0
10.2
79.5
209.7
454.5
450.7
502.2
645
549.8
432.2
300.7
134.7
53
0
0
0
0
0
0
0
0
0
0
0
0
14.2
128.3
304
467.8
487
581.5
670.2
549.5
382.5
283.2
126.7
54.7
2.3
0
0
0
0
0
0
0
0
0
0
0
7.2
45.3
80.7
108.7
136.8
182.3
177.8
196.7
180
225
78.3
20.2
0
0
0
0
0
0
0
0
0
0
0
0
5.5
15.2
30.7
188.5
161
169
228.2
255.3
122.3
67.2
86.5
56.2
3.3
0
0
0
0
0
0
0
0
0
0
0
4.8
45.3
104.3
111
279.2
265
252.2
347.8
257
308.7
125.7
96
7.5
0
0
0
0
0
0
0
0
0
0
0
18.2
91.5
133.2
209.3
178.7
102
131.2
169.5
243
344.3
111.8
39
5.8
0
0
0
0
0
0
0
0
0
0
0
2.2
26.5
252.5
432.5
427.2
384.7
591
498.8
429.5
219.3
246.8
93.3
4.5
0
0
0
0
0
0
0
0
0
0
0
15.3
68
125.5
313.2
501.2
525.2
524.8
477.3
433.3
463.3
198.5
77.5
10.3
0
0
0
0
0
0
0
0
0
0
0
9.8
78.2
147.5
252.8
370.8
422.7
376.3
305.5
288.3
179.7
165.8
52.2
3
0
0
0
0
0
0
0
0
0
0
0
10
62.3
24
22.7
73.7
271.2
390.2
256.8
294.2
341.8
144.3
16.2
9.7
0
0
0
0
0
0
0
0
0
0
0
9.5
34
60.2
85.2
102.3
287.8
113.8
133.3
242
361.5
211
35.5
6.2
0
0
0
0
0
0
0
0
0
0
0
26.8
84.3
158.5
228.3
338.2
307
327.7
278.7
209
92.2
92.2
58.3
9.8
0
0
0
0
0
0
0
0
0
0
0
13.7
53.3
54.7
70.3
125.8
238.2
244.3
145.5
193.2
263.3
101.8
29.7
0
0
0
0
0
0
0
0
0
0
0
0
41.7
210.7
418.2
601.3
651.5
766.2
720
717.8
632.2
486
334
159.3
22.7
0
0
0
0
0
0
0
0
0
0
0
87.2
254.8
291.8
202.8
193.5
329.7
401.7
366.3
559.8
292
221
97.3
32.3
0
0
0
0
0
0
0
0
0
0
0
35
150.5
446
561.8
572.8
620
810.8
798.8
577.7
464.3
283.2
93.2
22
0
0
0
0
0
0
0
0
0
0
0
84.3
251.5
430.3
578.3
662.5
790.5
785.2
722.2
581
475.8
323
147.3
20
0
0
0
0
0
0
0
0
0
0
0
98.7
255
426.5
572.8
665.7
604.8
592.5
611.8
798.5
517.5
368.2
109.8
31.8
0
0
0
0
0
0
0
0
0
0
0
30.2
40.5
83
133
158.3
150.8
149.2
290.8
261.5
144.7
54.7
32.5
4.7
0
0
0
0
0
0
0
0
0
0
3.8
97
259.2
436
579.8
698.3
544.3
388
383.2
421.3
437.2
257.8
71.5
21.2
0
0
0
0
0
0
0
0
0
0
4.3
107.7
275.5
434.3
579.3
622
750.2
674.3
751.2
615.3
478.7
232.2
118.5
28.8
0
0
0
0
0
0
0
0
0
0
0
19.5
82.7
165.2
313
609.8
671
471.5
458.5
398.2
399.5
294
145.2
23.5
0
0
0
0
0
0
0
0
0
0
0
39.3
142.3
141.5
265.2
165
236.7
245.5
143.5
131.2
80
87.2
90.8
9.5
0
0
0
0
0
0
0
0
0
0
0
48.2
115
228
275.2
268
247
211.5
373
340.5
170.5
156
79
13.5
0
0
0
0
0
0
0
0
0
0
2.3
46.2
128.8
190.5
279.3
301.2
275.8
326.8
272.3
240.3
299.7
66.2
33.8
22.2
0
0
0
0
0
0
0
0
0
0
0
10.8
42
65.5
89.2
101
110.5
127
135.5
72.5
48.3
32
19.3
2.3
0
0
0
0
0
0
0
0
0
0
0
34.8
72.2
111.8
137.7
225.3
281.5
368
382.2
315.8
271
131.8
45.8
13.2
0
0
0
0
0
0
0
0
0
0
0
15.7
47.8
131.5
208
322.3
160.2
189.3
168.2
141.8
72
49.8
33.8
3.2
0
0
0
0
0
0
0
0
0
0
4.8
54
145.7
268.7
237.2
530
428.7
683.3
201.3
234.7
278.2
106.5
46.5
16.8
0
0
0
0
0
0
0
0
0
0
0
0
38.3
66.7
86.8
626.5
669.8
809
731.8
535.7
270.2
227
126.7
42.3
0
0
0
0
0
0
0
0
0
0
24.8
156.8
335
467.2
422.3
241.2
243.3
130.3
101.7
144.8
188.7
186.8
100.2
52.3
0
0
0
0
0
0
0
0
0
0
30
97.7
286.7
500
626.3
702
740.3
749.2
789.7
661.7
416.2
326
166.2
63.3
0
0
0
0
0
0
0
0
0
0
24.8
155.3
317.2
468.3
595.7
699.3
750.5
678.3
702.8
603.5
452.7
307
165.7
29
0
0
0
0
0
0
0
0
0
0
7
28
68.7
99.7
208.8
335.5
577.7
654.7
527
532.5
467
329.8
174.3
49.7
0
0
0
0
0
0
0
0
0
0
10.8
78.3
177.7
265.5
421.5
365.7
337.2
640.8
273.2
332.5
240.3
157.2
115.3
28.7
0
0
0
0
0
0
0
0
0
0
2.2
26
100.7
175
236.7
372.8
438.2
569.2
322
292.2
158.3
208.5
104.7
55.5
0
0
0
0
0
0
0
0
0
0
26
185.7
311.5
465.5
494.7
441.3
542.7
583
502.2
600.7
381.5
284
182.2
54.7
3
0
0
0
0
0
0
0
0
0
13.2
85
226.7
433
580.3
713.8
785.8
536.7
762.5
667.5
353.3
408.3
181.3
39.2
2.2
0
0
0
0
0
0
0
0
0
12.2
36.8
67.8
97.7
65.3
189.8
298.2
142
219.8
129.7
64.2
63.3
57
42
0
0
0
0
0
0
0
0
0
0
39.5
87
134.7
202.8
295.5
326
96.5
267.7
346.2
157.2
76.2
88.3
44.3
22.2
0
0
0
0
0
0
0
0
0
0
29
154.2
382.3
548.8
694.2
801.3
860.5
849.8
743
399.5
536.8
382
236
83.8
2.8
0
0
0
0
0
0
0
0
0
30.5
165.8
345
350.7
486.3
683.7
518.5
399.5
223.3
193.3
115.2
75.2
42
19.7
0
0
0
0
0
0
0
0
0
0
20
69.3
125.3
124
278.3
637.8
767.3
544.5
206.5
363.7
475.5
256.2
74.5
39.7
6.7
0
0
0
0
0
0
0
0
0
42.5
183
364.8
309.3
490.5
733.3
878.5
873.7
817.8
715.8
553
418.5
247.7
89.5
3
0
0
0
0
0
0
0
0
0
74.7
181.2
347.5
522.8
654.7
783.8
846.7
857.3
685
569
559.3
470.2
240.2
73.8
6
0
0
0
0
0
0
0
0
0
45.8
226.2
383.8
536.8
638.2
753.8
767
647.8
475
232
100.2
149.3
93
41.3
3
0
0
0
0
0
0
0
0
0
24.2
59.2
154.8
237.7
492.3
473.2
553.3
677.7
646.2
423.5
271.7
111.2
117
74.5
3.8
0
0
0
0
0
0
0
0
3.2
56.8
200.3
371.2
362.8
501.3
621.7
839.3
663.8
541.3
702.7
333.5
164
79.5
43.8
2.8
0
0
0
0
0
0
0
0
2.3
45
130.5
333.8
360.7
471.2
625
782.3
527.5
534.2
380.7
399.5
126.3
67.8
97.8
21.7
0
0
0
0
0
0
0
0
2.7
78.3
233.3
404.7
568.3
704
803.5
859.7
870
806.5
693.8
484.8
422.5
228
81.7
8
0
0
0
0
0
0
0
0
0
2.2
33
109
253.5
246.3
396.8
348.2
432.5
277.3
208.7
151.7
109
17.8
17.2
2.2
0
0
0
0
0
0
0
0
0
28.2
74.5
111.2
146.3
109.8
217.8
170.5
201.7
143.2
165.8
136.3
139
78.2
26.7
0
0
0
0
0
0
0
0
0
0
18
99.5
222.5
343.5
464.8
402.5
438
425.8
453.2
345.5
161.3
142.7
113.7
96.5
5.8
0
0
0
0
0
0
0
0
2.2
52.8
114.8
228.8
395.7
582
460.8
272
215
259.3
219.5
216
151
66.5
34.5
2.2
0
0
0
0
0
0
0
0
5.2
66
92.2
124
180
306
302.3
439.7
573.8
446.2
318.5
424.5
368.8
280.7
47.8
7.7
0
0
0
0
0
0
0
0
2.5
89.2
248.2
399
589.5
646.8
851.7
676.3
379
695.3
638.2
494.3
259.8
137.8
32.3
5.2
0
0
0
0
0
0
0
0
3.5
45
80.2
183.7
435.3
538.8
551.7
589
815.8
583.8
203.5
98
133.2
87.8
79.2
9.3
0
0
0
0
0
0
0
0
6
104.2
249.5
261.2
424.2
231.8
178.5
190.3
336.7
379.3
324.5
436.5
435.8
202.5
141.7
33.8
0
0
0
0
0
0
0
0
8
104.3
267.2
441.5
586.8
459.3
704
862.3
918.5
754
576.8
534
468.8
295.7
153.2
12.3
0
0
0
0
0
0
0
0
2.7
47.7
125.7
304
504.2
688.8
530.7
747.3
694.5
537
474
328.7
232.2
74.7
46.8
13.3
0
0
0
0
0
0
0
0
9
67.7
196.2
346.5
459.3
634
830.3
881.8
818.3
650.8
457.3
321
248.8
209.8
83
19.2
0
0
0
0
0
0
0
0
3.3
65.2
152.7
320.3
473.2
534.7
640.5
872.2
917.8
445.7
309.2
311
277.7
215.3
85.2
14
0
0
0
0
0
0
0
0
8.3
96.2
240.7
416.7
564.2
690
810.2
869.8
711
683.8
617.2
195.2
382.5
271.8
114.7
14.3
0
0
0
0
0
0
0
0
7.7
52.2
112
203.8
184.8
226.5
717.7
423.5
418.2
417.2
213
201.3
288.8
41.7
7.7
0
0
0
0
0
0
0
0
0
5.5
52.8
97.8
199.7
320.3
275.3
343.8
553
566.7
754.5
756.3
592.5
404
315.3
141.3
19.2
0
0
0
0
0
0
0
0
12.7
106.2
259.8
434.8
589.2
716.7
814.8
867
878
833
743
617.8
465.7
303.2
146.2
18.5
0
0
0
0
0
0
0
0
15.5
113.5
270.8
441.5
598.3
725.8
815.8
876.5
878.3
826.3
739.8
607.3
457.7
294.8
139.3
20.2
0
0
0
0
0
0
0
0
14.3
114
263.3
438.3
599.2
737.8
834
886.3
896.3
856
765.2
632.2
472.3
307.7
141.8
19
0
0
0
0
0
0
0
0
15.5
108.3
256.7
430.3
588.8
730.3
819.3
872.8
880.5
839.3
750.8
622.3
468
305.3
149.7
24.5
0
0
0
0
0
0
0
0
17.5
122.3
280
450
609.8
745.5
839.7
889
891
845
766.7
637.7
420
286.7
142
19.2
0
0
0
0
0
0
0
0
10
75
218.8
446.8
618.5
756.7
872.3
909.8
910.3
863.8
772
644.7
493
328.5
168.5
24.2
0
0
0
0
0
0
0
0
20.2
134.2
300.2
474.2
633
764
856.5
908
912.2
870
781
652
502.3
319.5
168.2
22.3
0
0
0
0
0
0
0
0
8
111
204
380.2
608
719.2
777.2
805.3
797
819.8
693.8
615.5
397.3
294.7
132.2
31
0
0
0
0
0
0
0
0
18.3
134.2
271
428.8
602.5
698.5
826.2
893.3
900.7
856.5
765.2
641.5
486.2
320
164.5
33.2
0
0
0
0
0
0
0
0
22.8
132.8
297.7
470.2
627.3
759.8
855.7
896.2
887.3
864.8
765
651.3
499.2
337.2
178.7
29.7
0
0
0
0
0
0
0
0
24.5
133.7
295.2
463.5
624
755.7
852.2
901.2
900.3
858.2
773.5
646
491
327.8
169.2
34.5
0
0
0
0
0
0
0
0
11.8
136
297.8
461.3
596.3
745.5
719.3
709.7
616.5
791.3
623.8
304.5
76.5
229
143.8
32.2
0
0
0
0
0
0
0
0
14.2
62.8
65.3
78.8
122.8
116.7
253.5
341
340.2
295.7
236.8
172.7
111.3
71.2
54.5
13.8
0
0
0
0
0
0
0
0
6.5
44.5
213.5
282.7
327.2
398.7
755.3
752
815.5
885
578.5
549.8
521.5
319.5
179.3
42.7
0
0
0
0
0
0
0
0
22.2
119.2
261.7
431.5
581.5
429.5
605.8
627.5
186.3
430.3
138.5
174.8
176.8
165
36.3
14
0
0
0
0
0
0
0
0
0
96.5
143.7
364.3
598.5
680.3
842.7
861.2
882.2
456
370.2
408.8
527.8
171.8
178
34
0
0
0
0
0
0
0
0
25
131.2
287.2
452.8
606.2
740.3
459.5
670.2
725
770.3
671
258.2
305
333.5
151
35.7
0
0
0
0
0
0
0
0
25.8
128.8
283.8
456.5
614.3
701.7
859.8
961
829.3
680.7
731.8
563.5
474.7
269
183.8
34.8
0
0
0
0
0
0
0
0
24.8
135.8
292
461.8
620.7
760.7
825.5
774
858.7
871.2
805.5
636.8
517.8
353.8
191
37.2
0
0
0
0
0
0
0
0
25.5
138
296.8
462.5
622
752.7
860
920.2
900.3
911
697.7
682.8
543
349
203.7
43.3
2.3
0
0
0
0
0
0
0
18.2
129.7
289.5
457.8
615.5
749.7
842.3
629.5
584.7
341
310.8
401.3
182.7
191.5
188.3
41
0
0
0
0
0
0
0
0
25.8
112.7
273
454.2
611.2
718.7
538.3
678.8
461.7
536
379.5
102.5
183.8
227.3
148.2
44.7
0
0
0
0
0
0
0
0
6.2
33
50.2
198.2
605.3
736.7
701.8
512
455.2
357.7
371.8
491.2
301.8
229.3
91.3
22.7
5
0
0
0
0
0
0
0
3.2
56.2
225.5
457
610.3
681.7
847.8
945.7
824.7
625.5
781.7
649.7
541.5
319.2
181.2
29.8
2.8
0
0
0
0
0
0
0
22.2
125.5
273.7
433
587
717
811.2
871
903
769.5
714.2
642.2
487.7
324.2
174
39.7
0
0
0
0
0
0
0
0
6.8
74.2
163.8
253
301.3
325.3
343.7
441.7
604
829.3
683.5
550.4
399.8
234.2
182.7
53.8
2.5
0
0
0
0
0
0
0
11
32.5
66.5
174.2
392.8
711
816.7
849.2
804
843
751.8
637.7
479.3
291.3
142.2
40.3
0
0
0
0
0
0
0
0
15.2
113.8
248.7
204.5
256.2
601.5
717.8
801.8
457.8
399.8
244
358.3
383.5
324.8
165.5
36.3
0
0
0
0
0
0
0
0
2.7
102.3
235.3
428.8
583.3
673.2
722.8
771.2
862.3
719.5
516.2
502.5
460.3
294
105.3
6.8
0
0
0
0
0
0
0
0
0
34.5
26.8
74.3
179.5
107.8
164.3
172.3
153.8
73
190.5
154.2
77.7
55.5
15.8
4.7
0
0
0
0
0
0
0
0
12.3
66.2
174.3
466.7
593.8
704.3
831.8
839.8
891
868.7
757.3
526.5
532.8
354.2
194.8
42
0
0
0
0
0
0
0
0
24.8
128.2
276.7
444.7
598.8
730.7
827.2
881.7
890.5
853.3
776
651.8
507.3
346.7
189.3
43
0
0
0
0
0
0
0
0
23.8
130.3
277.3
442.7
600
730
815.8
865.8
874.2
828.5
718.2
361.3
297
230.8
128.5
34.8
0
0
0
0
0
0
0
0
7.3
70.2
175.8
287
353.8
642
652.8
835.2
699
568.5
472.3
435.3
283.3
207.8
83.2
4.5
0
0
0
0
0
0
0
0
13.8
94.5
261.3
424.7
597.7
475.2
576
689.2
801.3
709
642.2
477.3
497.8
317.2
212
46.5
0
0
0
0
0
0
0
0
24
134.2
281.5
448.2
598.8
729.8
830.8
879.7
914.5
841.8
740.3
573.7
345.7
145
53.8
37.2
0
0
0
0
0
0
0
0
5.5
59.7
191.5
352.2
431.2
611
779
342.5
271.7
162.7
162.2
182.8
78.8
60.7
55.3
34.5
0
0
0
0
0
0
0
0
8.2
120.5
269.2
423
577
715.3
613.3
591.3
814
651.2
567.8
335
196.2
123.2
85
28.5
0
0
0
0
0
0
0
0
15.7
129.7
226.7
401
636.5
746
608.3
478.7
416.3
681.7
642.7
648
354.3
326.3
185.2
58
2.2
0
0
0
0
0
0
0
15.2
53
51.8
202
412.3
458.7
391
472.3
491.8
512.8
531.8
606.5
366.8
321
126.2
28.5
0
0
0
0
0
0
0
0
7.5
98.7
250.3
383.3
506.8
727.2
790.8
773.8
415.7
505
690
594.8
438.7
302.3
168.7
29.5
0
0
0
0
0
0
0
0
13.8
49
67.2
144
152.8
113.7
77.5
556.3
721.2
857.5
740.8
646.5
480
359.3
203.8
52.3
0
0
0
0
0
0
0
0
14.8
117.3
275.5
447.2
571.8
645.5
713.7
824
650
758.8
517.3
619.5
512.3
227.2
146.2
41
0
0
0
0
0
0
0
0
17.2
120.8
275.8
441
593.7
673.3
698.3
881.5
895
857
782.7
658.5
507.5
344
186.3
40.3
0
0
0
0
0
0
0
0
17
96.7
270.7
433.3
597.3
729.7
819.3
873.8
878
841.5
761.3
640.7
494.2
322.8
178
38.8
0
0
0
0
0
0
0
0
15.2
109
245.8
392.5
534
666.8
773.8
789
685.7
673.2
728.7
540.3
473.7
311.5
136
27.2
0
0
0
0
0
0
0
0
16.7
58
125.3
388.5
564.2
436.2
577.5
814.3
700.7
719.3
635
540.8
445.8
263.5
139
43.8
0
0
0
0
0
0
0
0
7.5
87.3
243.3
410.5
560.7
678.5
781.2
858.5
866.3
827
742.2
636.7
498.2
321.8
111.2
49.7
0
0
0
0
0
0
0
0
3.2
69.5
175.3
375.3
418.2
456
710.2
807.7
687.5
635.2
616
574.8
451.7
232
123.3
40.3
0
0
0
0
0
0
0
0
3.3
80.2
210.8
315.2
382.3
521.8
855.8
896.8
948.2
840.3
518.2
270.7
399.2
181.5
158.2
33.7
0
0
0
0
0
0
0
0
12.3
114.3
257
377
501.7
628.3
700.3
898.2
490.2
661
582.5
306
212.3
209.3
169.7
33.7
0
0
0
0
0
0
0
0
8.7
102.3
253.5
421.8
578.5
713.3
801.8
856.8
801
735.5
639.2
631.8
436.5
328
67.3
0
0
0
0
0
0
0
0
0
0
51.7
192
205.8
271.8
627.7
634.3
659.7
724.5
725.8
680.7
644.8
462
244.3
148.7
27
0
0
0
0
0
0
0
0
2.2
40.5
132.2
414.7
571.7
549.7
753.8
659
769
599.2
690
618
445
320.2
165
21.2
0
0
0
0
0
0
0
0
9
106.2
250
420.3
576.7
709.2
807.5
816.5
729.5
646.7
663.3
636.8
493.2
306.5
155.2
24.8
0
0
0
0
0
0
0
0
8
66
235.3
389.8
556.2
668.5
792
605.5
687
843
589.8
316.8
68.8
121.8
24.2
17.8
0
0
0
0
0
0
0
0
2.2
51.2
204.2
326.2
509.5
652.3
441.5
516.8
664.5
376.2
410.2
384.3
369.8
306
167.7
31
0
0
0
0
0
0
0
0
0
60.2
119.8
265.8
429.5
589.5
452.7
429.7
488.5
421
590.7
491.7
195.7
22.8
89.5
11.8
0
0
0
0
0
0
0
0
2.8
70.2
233.8
259.8
259
286.2
487
796.3
739
651
530.2
411.3
368.2
191.5
136.2
25.7
0
0
0
0
0
0
0
0
0
78.3
231.8
382
544.5
516.7
792
785.2
731.5
535.5
562
260
235
144.2
121.8
32.8
0
0
0
0
0
0
0
0
2.3
27.5
25
268.5
377.8
205.7
564
237.5
446
401.8
522.8
515.5
482.7
281
33.3
39.2
0
0
0
0
0
0
0
0
2.7
37.8
102.3
229.2
179.7
153
120.2
279.5
700
317.5
119.2
340.2
196.7
179.8
83.7
4.7
0
0
0
0
0
0
0
0
0
27.5
176.7
302
442.8
273.2
458.7
136
136.2
719
723.3
636
261.2
346
152
13.3
0
0
0
0
0
0
0
0
0
50.3
99.2
151.5
250.3
162.8
308
502.7
303.2
145.8
80.8
144.7
162.7
54.8
22.2
2.5
0
0
0
0
0
0
0
0
0
11.3
36
71.8
122.5
175.5
293.7
578.7
366.8
501.5
504.7
371.7
225.5
126.2
24.3
0
0
0
0
0
0
0
0
0
0
33.5
132
144.8
51.3
145.5
210.3
357.8
410.7
319.3
441.7
195.2
451.5
229.8
110.7
28.7
0
0
0
0
0
0
0
0
0
20.8
31.7
122.7
341.2
461.2
482.7
649.3
350.2
457
320.2
435.7
369
268.2
143.8
14.3
0
0
0
0
0
0
0
0
0
28.7
47
157
185.5
327.7
481.7
316.8
402.8
311.3
478.8
512.5
250.5
236.3
58.7
7.5
0
0
0
0
0
0
0
0
0
2.8
32.2
58.2
90.8
106
177.5
276
257.5
518.3
525.3
116
385.5
303
85
13.3
0
0
0
0
0
0
0
0
0
45.3
114.2
165.3
145.8
149.3
222.2
230.3
139.5
189.5
133.3
145
155.7
77.8
43.5
0
0
0
0
0
0
0
0
0
0
27.8
107.2
87.7
136.7
274.8
204.7
313.2
394.7
523.3
470.2
532.5
443.8
219.8
105.7
11
0
0
0
0
0
0
0
0
0
9.2
38.8
213.5
276.3
349.2
398.5
180.2
257.7
366
466
266.5
321.3
200.3
58
11.7
0
0
0
0
0
0
0
0
0
28.3
107.2
213.5
141
112.3
354.7
402.8
471
507.7
247.5
191.7
243.2
132.2
68.5
15.7
0
0
0
0
0
0
0
0
0
10
48.3
149.8
408.8
497.3
330.5
490
397.2
612.3
289.7
207.5
85
85
27
0
0
0
0
0
0
0
0
0
0
5.7
34.5
74.5
131.3
155.5
190.3
155.2
121.2
126.7
137
86.2
133.7
128.8
69.8
2.5
0
0
0
0
0
0
0
0
0
28.5
116.3
321.3
535
534.2
682.2
455.3
568.7
530.3
631.5
303
181
52.7
44.3
2.5
0
0
0
0
0
0
0
0
0
0
17.8
33.2
86.5
111.3
162
499.8
748
625.2
602.3
380.7
428.8
286.5
126.2
6
0
0
0
0
0
0
0
0
0
39.3
184
342
516.3
560.2
730
772
697.5
578.3
698.3
596
358.5
273.3
114
2.7
0
0
0
0
0
0
0
0
0
48.8
183
352.2
509.8
644.7
751.2
808
817.7
777
686.8
559.2
411.7
225.5
80.3
8
0
0
0
0
0
0
0
0
0
48.3
140.3
309
117
297.7
396
611.5
748.8
756.7
410.5
29.5
54.7
84.7
61.8
0
0
0
0
0
0
0
0
0
0
14.2
57.2
219.8
332.3
420.7
494.3
392.8
384.3
452
482
331.3
99.2
245
77.5
2.3
0
0
0
0
0
0
0
0
0
33.3
38
90
259.5
630.5
716
747.3
791.3
750.7
659.5
512.5
272.2
220.5
60.5
3.2
0
0
0
0
0
0
0
0
0
33
158
312.8
450.2
545.3
625
762.3
706
785.2
693.7
342.3
417.5
88.5
23.2
5.5
0
0
0
0
0
0
0
0
0
10.5
52.5
161
439.8
626.5
708.3
783.7
796.5
409.3
242.3
526.2
411
185.5
106.2
0
0
0
0
0
0
0
0
0
0
10
55
252.5
461.7
595.8
698.3
746.2
726.7
743
614.3
413.8
218.3
36
0
0
0
0
0
0
0
0
0
0
0
16.3
102.3
151.7
391.8
576
713.3
767
773.7
740.3
665.5
527.3
372
211
71.7
0
0
0
0
0
0
0
0
0
0
28.8
123.7
310.3
465.3
598.5
702.3
756.5
768.5
725.7
636
529.7
173.7
168.3
50.2
0
0
0
0
0
0
0
0
0
0
24.8
127.3
287.2
448.5
581.3
683.2
742.7
573.5
711.2
595.2
501.7
357.8
193.8
62.7
2.2
0
0
0
0
0
0
0
0
0
18.3
124.3
284.5
442.8
558.8
653.5
735.7
757.2
729.5
544.5
507.3
362.5
194.5
60.2
0
0
0
0
0
0
0
0
0
0
21.2
135.8
288.3
398.5
466.3
672.3
649.8
761.5
635.7
601.7
438.8
301
187
48.2
0
0
0
0
0
0
0
0
0
0
18.8
133.5
291.3
448
583.7
683.5
708.5
744.5
714.7
639
509
360.8
195.8
56.2
0
0
0
0
0
0
0
0
0
0
22.7
124.7
236.8
371.2
562.8
591.2
644
681.7
643.8
500.8
410.3
222.3
128.7
23.8
0
0
0
0
0
0
0
0
0
0
12
111.2
268.2
472
206.5
72.2
312.2
429.5
483.3
296.3
212.5
223.3
217.7
68.3
0
0
0
0
0
0
0
0
0
0
0
25.8
80.2
205
535.3
406.3
296.8
470.5
504.5
349.5
121.2
10.3
18.3
2.2
0
0
0
0
0
0
0
0
0
0
0
40.2
77.5
131.3
134.5
122
227.8
235.7
146.5
155.5
82.3
62.3
48.2
9.8
0
0
0
0
0
0
0
0
0
0
0
12.2
46
128.2
97.2
63.5
130.7
429.2
230.5
95.2
101.5
74
29.5
6.5
0
0
0
0
0
0
0
0
0
0
0
24.2
36.8
67.7
98
113
157.2
235.3
180.5
267.3
271
275
105.5
11.8
0
0
0
0
0
0
0
0
0
0
8.3
69.7
162.2
235.2
354.3
602.7
613.2
602.8
226.8
158.7
212.8
99.5
44.2
47.3
0
0
0
0
0
0
0
0
0
0
2.2
53.8
190.8
392
424.8
538
489.7
362.2
551.5
335.3
397.8
279.2
120
18.7
0
0
0
0
0
0
0
0
0
0
0
11.2
70.3
120.5
173.7
209.7
218.8
236.2
252
281.3
106.3
147
110.2
11.3
0
0
0
0
0
0
0
0
0
0
0
36.5
184.2
314.7
373.8
329
561.2
494.7
626.2
611.2
457.7
316
152.7
19.2
0
0
0
0
0
0
0
0
0
0
2.5
65.3
176
301.2
437.8
517.2
598.5
486
501
436.8
391.5
227.8
110.7
16.7
0
0
0
0
0
0
0
0
0
0
6.8
113.8
282.8
425.8
564
665.3
721.2
729.8
680.5
588.8
463
313.3
150
19.3
0
0
0
0
0
0
0
0
0
0
4.2
103.3
265.3
424.8
566.7
671.2
726.5
729.3
682.8
576.7
462.5
310.5
144.7
21.2
0
0
0
0
0
0
0
0
0
0
4.3
101.2
255.5
417.3
559.7
661.5
720.5
725.5
677.7
586.3
460.2
304.7
139.3
18.5
0
0
0
0
0
0
0
0
0
0
3.8
97.5
255.8
418.8
558.2
661.3
719.8
725.7
677
579
453.7
299.5
134.8
16.8
0
0
0
0
0
0
0
0
0
0
3.2
93.8
252.3
414
552.3
653.7
706.8
711.7
657
565.2
440.5
283
116.7
10.2
0
0
0
0
0
0
0
0
0
0
2.3
107
241.7
399.3
536
637.5
694.7
696.7
654.5
560.2
430.7
255.7
116.8
10.8
0
0
0
0
0
0
0
0
0
0
0
76.7
231.2
373.7
513.7
607
653.7
659.5
622.8
481.2
421.8
261.2
105.3
9.2
0
0
0
0
0
0
0
0
0
0
0
55
200.7
362.2
500.8
593.8
644
611.5
570.7
426.8
411.7
251.8
93.7
8
0
0
0
0
0
0
0
0
0
0
2.2
77.2
190.8
354.8
499.3
586
627.7
611.7
573.8
477
394.7
250.7
86
3.8
0
0
0
0
0
0
0
0
0
0
0
35.2
92.2
240.7
194.2
261.7
375.7
332.3
154.5
188.3
112.2
122.5
78.5
0
0
0
0
0
0
0
0
0
0
0
0
17
64.2
143.5
236.7
477.7
594
679.3
673.8
503
302.3
248.7
93.7
2.5
0
0
0
0
0
0
0
0
0
0
0
27.2
157.7
423.2
506.2
602.8
632
651.2
708.5
534.8
327.7
243.8
90.5
2.2
0
0
0
0
0
0
0
0
0
0
0
64.2
209
370.2
506.7
599.7
648.3
651.7
593.7
499.2
381.5
227.7
78.2
0
0
0
0
0
0
0
0
0
0
0
0
29
206
310.2
423.7
456
639
638.2
550.3
406.5
324.5
163
75.2
0
0
0
0
0
0
0
0
0
0
0
0
29.3
81.5
133.2
295.7
485
459
305
192.7
55.5
35.7
35.5
42
2.5
0
0
0
0
0
0
0
0
0
0
0
11.8
158.3
327.5
359.8
430.5
396.7
531.8
472
395.8
287.3
178.2
70.3
0
0
0
0
0
0
0
0
0
0
0
0
25.8
103.7
341.7
490.2
416.7
639
637.3
579.7
483.5
364.3
209.5
64.3
0
0
0
0
0
0
0
0
0
0
0
0
47
109.3
340.2
289.2
490
614.2
616.5
564.3
471.3
334
99.8
25.3
0
0
0
0
0
0
0
0
0
0
0
0
2.2
26.5
61.7
115.7
98.3
93.7
202.5
247.7
160.5
111.3
47
36.8
2.5
0
0
0
0
0
0
0
0
0
0
0
5.3
79.2
247.5
455.8
442.2
521.3
386
383.3
326
365
180.5
30.8
0
0
0
0
0
0
0
0
0
0
0
0
25.2
178.3
313.7
463
492.7
551
599.3
508.8
428
316.2
99.3
45
0
0
0
0
0
0
0
0
0
0
0
0
38.7
177.2
332
471.5
570.7
618.3
619
561.2
462.2
333.3
176.7
22.2
0
0
0
0
0
0
0
0
0
0
0
0
21.8
155.3
311.5
454.2
554.7
603.5
548.7
507
445.2
317.7
161.2
23.3
0
0
0
0
0
0
0
0
0
0
0
0
25.7
110.5
259.2
426
523.8
581.2
584.7
533.3
439.5
322
166
32.8
0
0
0
0
0
0
0
0
0
0
0
0
41.7
139.7
274.3
446.5
538.8
590.2
585.7
529.8
418
292.7
104.2
22
0
0
0
0
0
0
0
0
0
0
0
0
40
163.8
245.3
260.8
327.8
279.7
175.8
376.8
337.3
214.5
118
11.3
0
0
0
0
0
0
0
0
0
0
0
0
5.7
32.7
86
280.5
405.2
370.8
441.8
515.5
471.2
300.3
111
19.5
0
0
0
0
0
0
0
0
0
0
0
0
17.3
134.2
295
407.2
483.8
570.5
569
516.5
425.2
263.2
109
22.2
0
0
0
0
0
0
0
0
0
0
0
0
24.3
142
273.3
373.3
485.8
543.3
562.5
498.3
401
294.8
108.7
22
0
0
0
0
0
0
0
0
0
0
0
0
27.3
63.3
171.2
402.7
502.3
546
494.2
239
103.5
59
64.7
0
0
0
0
0
0
0
0
0
0
0
0
0
23
131.5
235.2
316.8
504
300.8
477.2
311.7
269
173.2
75.7
11.3
0
0
0
0
0
0
0
0
0
0
0
0
8.5
110.2
245.5
295
326.3
433
335.2
211.5
135.8
89.7
64.2
8.5
0
0
0
0
0
0
0
0
0
0
0
0
7.7
80.8
218.2
338.3
418.2
510.7
407.5
445.5
386.8
253.3
86
16.2
0
0
0
0
0
0
0
0
0
0
0
0
7.5
123
181.7
316.8
303.2
207.8
238.7
257.3
152.7
70.2
50.5
3.5
0
0
0
0
0
0
0
0
0
0
0
0
0
20.8
75.2
179.3
119.7
33.5
42.7
99.5
93.8
68.8
31.5
0
0
0
0
0
0
0
0
0
0
0
0
0
3.2
52.8
62.2
63
46
100.3
144.5
159.3
157.2
50
22.8
0
0
0
0
0
0
0
0
0
0
0
0
0
5.7
62.5
151.2
275.5
366
470.8
485
428.5
323.7
211.5
49
7.5
0
0
0
0
0
0
0
0
0
0
0
0
7.5
103.8
213.2
369.8
462.3
508
503.5
411.7
329.7
218.5
64.3
6.8
0
0
0
0
0
0
0
0
0
0
0
0
0
82.5
116.3
92.3
127.2
134.8
110.2
113.8
58.2
53
42.2
0
0
0
0
0
0
0
0
0
0
0
0
0
3.3
52.3
167.7
342
471.8
394.5
417
403.2
344
196
42.5
2.8
0
0
0
0
0
0
0
0
0
0
0
0
3.2
45.2
141.8
151
206.7
160.3
216.3
152.7
111
221.2
50
2.3
0
0
0
0
0
0
0
0
0
0
0
0
0
78.5
218.2
375.5
500.8
523.8
331.5
365
303.5
133.3
39.5
2.7
0
0
0
0
0
0
0
0
0
0
0
0
0
42.8
112.8
173.3
230.3
381
457.8
433.7
349.7
162.2
25.7
0
0
0
0
0
0
0
0
0
0
0
0
0
2.5
50.7
133.8
256.7
233
282.2
227.8
163
252.5
179.8
24.5
0
0
0
0
0
0
0
0
0
0
0
0
0
2.5
79.7
170
230.5
301.8
318.3
374
262.2
168.5
172.2
47.8
0
0
0
0
0
0
0
0
0
0
0
0
0
0
2.2
40.5
131
231.2
191.7
339.5
250.2
109.2
35.3
19.2
0
0
0
0
0
0
0
0
0
0
0
0
0
0
9.7
20
74.3
114.2
146.8
119.3
174.8
132
90
34.7
0
0
0
0
0
0
0
0
0
0
0
0
0
0
28.2
233
316.7
340.3
331
322.3
268
193.3
77.5
12.5
0
0
0
0
0
0
0
0
0
0
0
0
0
0
38.5
98.8
303.8
418
464.3
443.8
247.3
248.5
93
20.5
0
0
0
0
0
0
0
0
0
0
0
0
0
0
68.3
184
295
401.2
361.3
317.8
246.7
203.7
86.2
18.2
0
0
0
0
0
0
0
0
0
0
0
0
0
0
34
78.3
81.8
90.5
83
48.2
36.2
28.7
12.8
0
0
0
0
0
0
0
0
0
0
0
0
0
0
0
35.5
136.3
188
236.5
370
400.7
181.3
100.8
47
3.5
0
0
0
0
0
0
0
0
0
0
0
0
0
0
33.3
91
161.8
280.3
185.7
118.5
96.5
75.5
63.8
21.7
0
0
0
0
0
0
0
0
0
0
0
0
0
0
2.5
27
64.7
138.3
133.2
114.5
156.8
129.7
38.2
13.2
0
0
0
0
0
0
0
0
0
0
0
0
0
0
12.8
82.8
128.2
196.8
250.7
307.8
180.2
106.7
25.7
0
0
0
0
0
0
0
0
0
0
0
0
0
0
0
31.2
82.5
88.3
220.5
213.7
153.5
62.2
100.5
59.5
9.8
0
0
0
0
0
0
0
0
0
0
0
0
0
0
38.7
169.3
265.8
305.2
337.3
294.2
224.7
73.2
51.5
19
0
0
0
0
0
0
0
0
0
0
0
0
0
0
7.8
27.7
82
93.3
124.7
59.2
82.5
76.5
44.8
0
0
0
0
0
0
0
0
0
0
0
0
0
0
0
14.8
94.2
221.7
322.5
350
228.7
308.2
232.5
81.3
15.7
0
0
0
0
0
0
0
0
0
0
0
0
0
0
5.5
22.8
64.2
77.7
51.2
72.2
62
29
30.3
0
0
0
0
0
0
0
0
0
0
0
0
0
0
0
23.8
53.8
104
88.5
75.3
82.7
55.7
34.8
27
0
0
0
0
0
0
0
0
0
0
0
0
0
0
0
13.2
46
73.2
336.8
262.2
408.3
161.5
101.5
53.8
4
0
0
0
0
0
0
0
0
0
0
0
0
0
0
10
88.8
111.2
59.3
65.8
135
92.7
52.5
28.8
2.8
0
0
0
0
0
0
0
0
0
0
0
0
0
0
9.8
77.7
171.8
181.5
384.3
414
207.3
145.7
40.3
4
0
0
0
0
0
0
0
0
0
0
0
0
0
0
9.5
83.5
108.8
122.7
203.3
157.2
73.2
40.5
25.2
0
0
0
0
0
0
0
0
0
0
0
0
0
0
0
10
64.2
141.3
191.7
141.7
319.7
143.3
89.5
52.2
4.2
0
0
0
0
0
0
0
0
0
0
0
0
0
0
12.3
84
91.2
212.7
113.3
101.7
83.7
94
38.8
0
0
0
0
0
0
0
0
0
0
0
0
0
0
0
0
56.7
77.2
133.8
118
115.7
190
90.5
67.7
4
0
0
0
0
0
0
0
0
0
0
0
0
0
0
0
19.5
53.5
75
217.3
127.3
186.8
199.8
40.5
3.5
0
0
0
0
0
0
0
0
0
0
0
0
0
0
7.5
92.8
87.2
359
293.5
152.7
79.2
65.3
62.8
2.3
0
0
0
0
0
0
0
0
0
0
0
0
0
0
0
7.7
24.8
39.3
52.8
48.5
35.5
22.2
5
0
0
0
0
0
0
0
0
0
0
0
0
0
0
0
3.2
38.5
116.3
115
110.7
61.7
42.8
40.3
27.7
0
0
0
0
0
0
0
0
0
0
0
0
0
0
0
0
30.8
158.2
106.3
128.3
141
86.8
106.5
42
6.3
0
0
0
0
0
0
0
0
0
0
0
0
0
0
0
52
127.2
144.8
176.5
185
119.2
39
3
0
0
0
0
0
0
0
0
0
0
0
0
0
0
0
10.3
57.7
120.3
209.5
281
288.2
187
171.3
46.7
0
0
0
0
0
0
0
0
0
0
0
0
0
0
0
16.3
170
222.3
215.8
254.2
278.3
198.7
124.5
35.2
0
0
0
0
0
0
0
0
0
0
0
0
0
0
0
0
8.2
29.2
174.8
150.3
242.3
151.5
67.7
33.2
0
0
0
0
0
0
0
0
0
0
0
0
0
0
0
0
25.2
59.3
125.5
73.8
83.2
114.2
57.3
14
0
0
0
0
0
0
0
0
0
0
0
0
0
0
0
0
25.7
75.7
109
136.5
188.8
221.5
32.5
14.7
0
0
0
0
0
0
0
0
0
0
0
0
0
0
0
0
13.7
35.2
74.2
100.5
93.3
89.2
48.2
19.3
0
0
0
0
0
0
0
0
0
0
0
0
0
0
0
0
15
44
73.8
69.7
65.7
48.5
47
24.3
0
0
0
0
0
0
0
0
0
0
0
0
0
0
0
2.2
39.5
89.3
64.7
169
111
102.3
68.2
2.7
0
0
0
0
0
0
0
0
0
0
0
0
0
0
0
2.7
50.3
107.3
172.3
107
115.3
79.8
38.8
2.7
0
0
0
0
0
0
0
0
0
0
0
0
0
0
0
0
62.5
162.5
199.3
327.3
272.8
133.7
89.5
26.5
0
0
0
0
0
0
0
0
0
0
0
0
0
0
0
0
27.8
68.5
109.3
87.5
79.8
42.2
25.3
2.7
0
0
0
0
0
0
0
0
0
0
0
0
0
0
0
0
16.8
62.5
76
88.7
112.8
65.5
59.7
10.7
0
0
0
0
0
0
0
0
0
0
0
0
0
0
0
0
40.2
116.8
173.3
215.2
131.2
91
42.7
16.2
0
0
0
0
0
0
0
0
0
0
0
0
0
0
0
0
15.3
65.8
192.3
163.3
166.5
141.3
73.7
26.5
0
0
0
0
0
0
0
0
0
0
0
0
0
0
0
0
4.8
31
43.8
68.5
63
35.8
17.3
0
0
0
0
0
0
0
0
0
0
0
0
0
0
0
0
0
2.2
21.2
35.5
50.2
56.2
55.5
40.3
9.2
0
0
0
0
0
0
0
0
0
0
0
0
0
0
0
0
6.5
31.7
68.5
67.3
76
92.2
76.8
27.8
0
0
0
0
0
0
0
0
0
0
0
0
0
0
0
0
14.3
64.7
117
113.7
173.2
71.7
41.5
32.3
0
0
0
0
0
0
0
0
0
0
0
0
0
0
0
0
18
66
115.3
149.3
240.3
136.2
57.7
20.7
0
0
0
0
0
0
0
0
0
0
0
0
0
0
0
0
7.8
46.3
65.8
74.2
94.7
61.5
43.5
14.7
0
0
0
0
0
0
0
0
0
0
0
0
0
0
0
0
17.8
59.5
109.5
146.8
136.7
180
136.7
35
0
0
0
0
0
0
0
0
0
0
0
0
0
0
0
0
12
31.3
76
92.2
62.5
57.2
29.8
5.3
0
0
0
0
0
0
0
0
0
0
0
0
0
0
0
0
7.8
31.3
57.8
111.5
161.5
133.2
35.2
6.3
0
0
0
0
0
0
0
0
0
0
0
0
0
0
0
0
22.3
64
53.8
102.8
133.7
126
82.3
24.3
0
0
0
0
0
0
0
0
0
0
0
0
0
0
0
0
6.5
45
91
98.3
62.3
73.2
22.7
11
0
0
0
0
0
0
0
0
0
0
0
0
0
0
0
0
12.7
83.7
169.7
111
149.2
118.5
48.3
2.2
0
0
0
0
0
0
0
0
0
0
0
0
0
0
0
0
15.7
52
130.8
82
75.8
85.3
12.2
29.5
0
0
0
0
0
0
0
0
0
0
0
0
0
0
0
0
9.5
36.8
64.7
48.2
27
20.3
18.5
9
0
0
0
0
0
0
0
0
0
0
0
0
0
0
0
0
6.5
52.2
68.8
61
72.3
59.8
22.7
0
0
0
0
0
0
0
0
0
0
0
0
0
0
0
0
0
3.7
37.7
64.7
177.8
142.5
93.2
118
53.3
0
0
0
0
0
0
0
0
0
0
0
0
0
0
0
0
21.2
108.3
182.5
219.3
222.8
190.8
125.5
43.8
0
0
0
0
0
0
0
0
0
0
0
0
0
0
0
0
53.3
190.5
200.3
245
250.3
211.7
135.2
40
0
0
0
0
0
0
0
0
0
0
0
0
0
0
0
0
12.3
88
198.2
224.7
224
161.3
67
12.8
0
0
0
0
0
0
0
0
0
0
0
0
0
0
0
0
7
47.7
100.8
81.5
58.8
71
48.8
26.7
0
0
0
0
0
0
0
0
0
0
0
0
0
0
0
0
0
11
11.5
31
23.5
33
15.5
0
0
0
0
0
0
0
0
0
0
0
0
0
0
0
0
0
5.7
45.8
73
54.3
21.3
16.2
2.2
0
0
0
0
0
0
0
0
0
0
0
0
0
0
0
0
0
0
14.5
35.8
48
37.3
38.3
30.3
8.5
0
0
0
0
0
0
0
0
0
0
0
0
0
0
0
0
5.7
36.3
43.3
51.8
44.3
29
19.5
5.2
0
0
0
0
0
0
0
0
0
0
0
0
0
0
0
0
0
18.2
34.2
35.2
31.2
29.5
18.5
2.3
0
0
0
0
0
0
0
0
0
0
0
0
0
0
0
0
10
33.2
55.7
102.2
103.5
63.3
62.7
29
0
0
0
0
0
0
0
0
0
0
0
0
0
0
0
0
22.7
61.7
105.5
158.2
252.3
111.3
80
36.2
0
0
0
0
0
0
0
0
0
0
0
0
0
0
0
0
13.5
39.7
41.8
29.3
23.8
19.7
29
24.2
0
0
0
0
0
0
0
0
0
0
0
0
0
0
0
0
13.3
66.2
112
218.2
147
76.3
32.7
16.3
0
0
0
0
0
0
0
0
0
0
0
0
0
0
0
0
6
29.3
45.7
75.2
143.7
113
116.2
50.8
0
0
0
0
0
0
0
0
0
0
0
0
0
0
0
0
8.8
56.8
76.5
130.2
142
104
59.8
7.3
0
0
0
0
0
0
0